vadose/WaterLevelProc/output.asc
NCOLS          202       
NROWS          262       
XLLCENTER      2254000.00
YLLCENTER      1309000.00
DX             500.00    
DY             500.00    
NODATA_VALUE   -999.00   
[rows 170 to 203 of 262, columns 77 to 153 of 202]
30.52 51.48 72.19 84.60 103.71 120.41 131.03 135.24 136.88 142.60 145.14 146.71 147.58 147.86 147.85 147.49 146.91 146.16 145.29 144.34 143.33 142.13 140.49 138.83 137.13 135.41 135.41 135.40 135.40 135.02 134.04 133.03 132.20 131.65 131.07 130.68 130.09 125.28 122.00 121.89 118.94 117.38 115.92 112.06 108.08 105.80 102.31 97.74 94.80 94.44 93.44 90.96 85.48 84.66 83.95 83.57 83.51 83.29 82.69 81.79 80.84 80.28 77.65 77.43 76.96 76.65 76.35 76.05 75.85 75.74 75.75 75.86 76.10 76.47 76.81 77.34 77.67
37.07 50.09 67.46 82.97 94.70 117.26 130.54 134.81 137.35 143.38 146.13 147.78 147.95 147.98 147.96 147.90 147.51 146.61 145.59 144.49 143.33 141.92 140.09 138.23 136.36 135.41 135.41 135.40 135.29 134.29 133.27 132.33 131.78 131.21 130.80 130.41 127.04 122.29 121.94 120.63 117.51 117.28 114.77 110.60 107.81 104.86 102.12 96.99 94.77 94.44 93.49 91.27 86.25 84.71 84.21 83.58 83.57 83.32 83.07 82.20 81.29 80.84 79.20 77.60 77.37 76.97 76.71 76.52 76.32 76.21 76.19 76.29 76.50 76.71 77.04 77.51 78.42
47.04 54.86 68.05 82.23 94.50 116.66 130.67 135.40 139.73 144.95 147.61 148.01 148.11 148.12 148.08 148.00 147.89 147.10 145.92 144.66 143.35 141.75 139.73 137.70 135.67 135.41 135.40 135.40 134.68 133.64 132.58 131.97 131.41 130.93 130.56 128.89 124.40 121.99 121.89 119.25 117.42 116.86 113.82 109.39 107.60 104.11 101.97 96.48 94.76 94.45 93.56 91.64 87.10 84.82 84.47 83.59 83.57 83.42 83.27 82.61 81.80 80.89 80.84 78.44 77.58 77.36 77.02 76.80 76.66 76.57 76.55 76.59 76.69 76.88 77.21 77.55 78.52
53.01 61.55 71.07 83.31 94.81 117.46 131.67 135.41 143.41 147.15 148.05 148.22 148.28 148.28 148.21 148.11 147.97 147.59 146.24 144.82 143.38 141.59 139.39 137.19 135.41 135.41 135.40 135.21 134.14 133.06 132.20 131.65 131.08 130.72 130.35 126.57 122.11 121.95 120.99 118.08 117.34 115.96 112.79 108.41 107.42 103.55 101.87 96.18 94.76 94.48 93.65 92.06 88.01 84.94 84.56 83.69 83.57 83.52 83.30 82.98 82.21 81.41 80.84 80.35 77.90 77.56 77.37 77.09 76.89 76.79 76.75 76.76 76.84 77.00 77.28 77.54 77.97
60.80 67.48 76.57 83.96 101.91 121.93 135.24 141.93 146.55 148.06 148.30 148.44 148.47 148.44 148.35 148.21 148.05 147.87 146.53 144.96 143.37 141.40 139.03 136.69 135.41 135.40 135.40 134.75 133.64 132.52 131.92 131.36 130.90 130.54 128.83 124.55 122.00 121.91 119.93 117.49 117.28 115.22 111.85 108.23 107.23 103.14 101.81 96.08 94.77 94.50 93.77 92.54 88.99 85.07 84.62 84.00 83.58 83.57 83.36 83.26 82.60 81.87 81.08 80.84 79.70 77.67 77.56 77.40 77.17 77.00 76.91 76.90 76.94 77.07 77.28 77.51 77.63
66.47 72.30 81.54 88.93 107.42 125.09 135.41 144.60 147.96 148.31 148.54 148.84 148.89 148.61 148.48 148.32 148.13 147.92 146.75 145.03 143.31 141.13 138.62 136.15 135.41 135.40 135.40 134.31 133.17 132.24 131.67 131.10 130.74 130.38 127.02 122.78 121.96 121.73 119.03 117.43 117.23 114.62 111.11 108.10 106.81 102.88 101.78 96.16 94.79 94.52 93.86 92.87 89.96 85.20 84.69 84.31 83.59 83.57 83.47 83.29 82.97 82.26 81.55 80.84 80.84 79.15 77.65 77.55 77.41 77.22 77.09 77.02 77.02 77.08 77.21 77.41 77.55
70.84 77.13 83.57 94.17 111.02 128.51 135.40 143.98 148.07 148.51 149.31 149.77 149.72 149.28 148.60 148.40 148.19 147.96 146.85 145.00 143.16 140.76 138.12 135.55 135.41 135.40 135.05 133.87 132.72 132.01 131.43 130.95 130.59 129.54 125.42 122.02 121.93 120.91 118.27 117.38 116.73 114.13 110.53 108.00 106.54 102.80 101.78 96.38 94.83 94.55 93.97 93.05 90.61 86.23 84.81 84.52 83.68 83.57 83.57 83.33 83.26 82.63 81.96 81.24 80.84 80.66 78.62 77.63 77.54 77.40 77.23 77.11 77.05 77.05 77.10 77.20 77.34
75.71 81.94 84.67 95.04 115.64 130.36 135.40 143.73 148.16 149.00 150.28 150.70 150.51 149.90 149.04 148.47 148.22 147.97 146.81 144.83 142.89 140.24 137.51 135.41 135.41 135.40 134.63 133.44 132.36 131.78 131.21 130.81 130.45 128.05 123.99 121.99 121.91 120.20 117.63 117.34 116.27 113.75 110.10 107.93 106.37 102.79 101.81 96.74 94.87 94.57 94.08 93.24 91.28 87.47 84.96 84.60 84.00 83.58 83.57 83.44 83.29 82.98 82.32 81.67 80.95 80.84 79.93 78.02 77.60 77.51 77.34 77.18 77.06 76.98 76.95 76.96 77.00
78.68 83.55 91.05 102.07 117.34 130.61 135.40 144.25 148.31 150.00 151.37 151.67 151.24 150.40 149.34 148.50 148.23 147.96 146.55 144.48 142.43 139.52 136.73 135.41 135.40 135.40 134.19 133.00 132.14 131.56 131.03 130.68 130.33 126.68 122.68 121.97 121.89 119.58 117.48 117.31 115.90 113.41 109.78 107.89 106.31 102.81 101.86 97.21 94.91 94.61 94.20 93.44 91.97 88.73 85.11 84.67 84.32 83.59 83.57 83.55 83.32 83.26 82.65 82.01 81.34 80.84 80.84 79.09 77.65 77.56 77.43 77.22 77.04 76.90 76.82 76.76 76.72
82.29 84.14 94.00 105.32 117.75 130.84 135.40 145.23 148.53 151.32 153.80 153.51 151.81 150.67 149.41 148.49 148.19 147.90 146.04 143.91 141.52 138.58 135.76 135.41 135.40 134.92 133.71 132.53 131.91 131.34 130.90 130.55 129.27 125.38 122.02 121.95 121.44 119.04 117.45 117.28 115.60 113.08 109.56 107.87 106.33 102.90 101.92 97.76 94.97 94.64 94.33 93.65 92.67 89.95 85.57 84.78 84.53 83.78 83.58 83.57 83.42 83.29 82.96 82.33 81.70 81.00 80.84 80.08 78.08 77.59 77.50 77.24 77.00 76.83 76.69 76.57 76.43
83.37 84.99 94.64 107.71 119.53 130.97 135.41 146.00 149.31 155.83 161.39 157.17 151.99 150.58 149.16 148.41 148.10 147.49 145.24 143.10 140.30 137.38 135.41 135.40 135.40 134.38 133.19 132.24 131.67 131.11 130.76 130.42 127.94 124.13 122.00 121.92 120.88 118.55 117.42 117.25 115.34 112.82 109.41 107.86 106.40 103.08 102.00 98.38 95.02 94.68 94.47 93.83 92.98 90.72 86.92 84.94 84.61 84.10 83.59 83.57 83.52 83.31 83.26 82.62 82.00 81.32 80.84 80.84 78.83 77.63 77.52 77.25 76.96 76.75 76.56 76.32 76.04
83.57 89.10 94.95 108.19 120.13 130.93 135.40 145.53 149.50 165.61 164.69 155.98 151.49 149.97 148.58 148.26 147.95 146.32 144.12 141.75 138.75 135.90 135.41 135.40 134.98 133.78 132.62 131.97 131.42 130.96 130.62 130.29 126.60 122.91 121.98 121.90 120.36 118.09 117.39 117.23 115.13 112.61 109.32 107.86 106.52 103.31 102.09 99.05 95.08 94.71 94.52 93.98 93.21 91.48 88.26 85.10 84.68 84.42 83.59 83.57 83.57 83.39 83.28 82.90 82.27 81.63 80.91 80.84 79.52 77.66 77.53 77.26 76.92 76.67 76.40 76.04 75.68
83.62 91.59 95.14 108.29 119.44 130.67 135.40 143.04 148.37 151.44 152.31 151.38 150.09 148.73 148.32 148.02 146.94 144.75 142.66 139.71 136.85 135.41 135.40 135.40 134.27 133.12 132.22 131.68 131.15 130.80 130.48 128.80 125.24 122.03 121.96 121.89 119.85 117.66 117.37 117.06 114.95 112.45 109.26 107.88 106.67 103.56 102.18 99.74 95.14 94.78 94.56 94.13 93.44 92.23 89.58 85.44 84.80 84.55 83.90 83.58 83.57 83.48 83.30 83.17 82.53 81.89 81.17 80.84 80.16 77.80 77.55 77.26 76.88 76.60 76.22 75.79 75.35
84.14 92.48 95.15 108.03 117.51 129.20 133.27 137.08 146.29 148.33 148.71 148.66 148.45 148.22 147.97 146.79 144.76 142.78 140.03 137.27 135.41 135.40 135.40 134.59 133.47 132.41 131.88 131.37 130.94 130.64 130.33 127.26 123.84 122.00 121.93 121.42 119.34 117.50 117.35 116.82 114.77 112.31 109.23 107.89 106.84 103.82 102.28 100.45 95.64 94.86 94.60 94.28 93.66 92.84 90.48 86.79 84.95 84.62 84.20 83.59 83.57 83.57 83.34 83.27 82.76 82.11 81.42 80.84 80.78 78.24 77.56 77.27 76.86 76.54 76.06 75.56 74.59
84.26 92.21 95.00 107.45 117.30 122.03 131.46 135.40 139.09 144.86 147.48 147.91 147.86 146.87 145.44 143.84 141.96 139.42 136.90 135.41 135.40 135.40 134.71 133.63 132.58 132.01 131.51 131.05 130.75 130.46 128.89 125.63 122.37 121.98 121.91 120.82 118.83 117.47 117.32 116.57 114.60 112.16 109.19 107.91 107.01 104.09 102.37 101.14 96.47 94.92 94.64 94.42 93.85 93.07 91.23 88.09 85.10 84.69 84.50 83.70 83.58 83.57 83.43 83.29 82.99 82.33 81.65 80.87 80.84 78.68 77.58 77.28 76.83 76.47 75.92 75.36 73.66
84.04 90.94 94.72 104.28 114.66 121.45 130.37 132.25 135.40 136.52 140.60 142.62 142.94 142.51 141.21 139.50 137.56 135.51 135.41 135.40 135.40 134.54 133.54 132.57 132.03 131.57 131.11 130.82 130.55 130.05 126.98 123.91 122.01 121.95 121.89 120.20 118.29 117.43 117.30 116.31 114.42 112.01 109.15 107.92 107.16 104.34 102.46 101.69 97.27 94.99 94.68 94.51 94.00 93.30 91.95 89.34 85.40 84.81 84.56 83.98 83.58 83.57 83.51 83.31 83.21 82.54 81.86 81.07 80.84 79.12 77.60 77.30 76.82 76.40 75.80 75.10 72.98
83.59 88.15 94.51 102.00 109.14 117.41 122.00 130.66 132.19 134.79 135.40 135.41 135.55 135.74 135.41 135.41 135.41 135.40 135.40 134.89 134.02 133.15 132.36 131.94 131.52 131.10 130.84 130.58 130.33 127.80 124.95 122.08 121.98 121.92 121.32 119.54 117.72 117.40 117.27 116.04 114.22 111.83 109.08 107.93 107.29 104.56 102.55 101.80 98.02 95.05 94.73 94.55 94.14 93.51 92.64 90.28 86.64 84.95 84.63 84.24 83.59 83.57 83.57 83.35 83.27 82.74 82.04 81.26 80.84 79.57 77.61 77.32 76.81 76.35 75.70 74.59 72.91
83.57 85.03 93.74 95.54 106.46 114.37 118.75 122.03 130.56 131.57 132.74 134.16 135.02 135.40 135.40 135.26 134.87 134.35 133.74 133.08 132.41 132.06 131.69 131.33 131.01 130.78 130.55 130.32 128.01 125.41 122.79 122.00 121.94 121.89 120.51 118.83 117.49 117.36 117.24 115.73 114.00 111.61 108.97 107.93 107.33 104.75 102.62 101.89 98.71 95.11 94.79 94.59 94.28 93.72 92.95 90.96 87.81 85.08 84.69 84.50 83.71 83.58 83.57 83.42 83.29 82.93 82.22 81.45 80.84 80.02 77.63 77.35 76.81 76.31 75.63 74.19 72.84
83.53 84.58 91.75 94.63 102.04 108.05 116.18 119.32 122.00 129.27 130.83 131.43 131.96 132.28 132.43 132.48 132.39 132.25 132.05 131.82 131.56 131.28 131.02 130.84 130.65 130.45 129.78 127.52 125.21 122.87 122.00 121.96 121.91 121.17 119.64 118.07 117.44 117.33 117.00 115.39 113.73 111.35 108.81 107.92 107.34 104.89 102.68 101.98 99.32 95.16 94.86 94.62 94.40 93.87 93.15 91.61 88.91 85.21 84.78 84.55 83.95 83.58 83.57 83.49 83.30 83.11 82.39 81.63 80.84 80.47 77.65 77.39 76.82 76.29 75.58 73.88 72.79
83.28 83.59 85.76 93.80 95.03 102.97 108.68 116.37 118.31 121.93 123.75 129.27 130.57 130.83 130.99 131.08 131.12 131.09 131.03 130.94 130.83 130.71 130.57 130.42 129.93 128.11 126.22 124.26 122.25 122.00 121.96 121.91 121.50 120.12 118.71 117.50 117.39 117.28 116.52 115.00 113.37 111.02 108.60 107.89 107.34 104.98 102.73 102.05 99.85 95.75 94.91 94.66 94.49 93.99 93.34 92.20 89.91 86.14 84.90 84.61 84.17 83.59 83.57 83.55 83.32 83.26 82.55 81.80 80.90 80.84 77.68 77.43 76.84 76.29 75.55 73.66 72.75
82.34 83.57 84.58 90.78 94.44 96.90 104.16 108.62 115.39 117.43 120.43 121.95 122.07 125.51 127.98 129.64 130.33 130.36 130.36 130.33 129.98 129.10 128.03 126.81 125.47 124.02 122.47 122.01 121.98 121.94 121.90 121.45 120.25 119.00 117.71 117.43 117.34 117.24 115.99 114.55 112.85 110.61 108.37 107.85 107.32 105.00 102.76 102.10 100.28 96.29 94.96 94.68 94.52 94.10 93.51 92.74 90.48 87.11 85.01 84.66 84.38 83.59 83.57 83.57 83.37 83.27 82.70 81.94 81.05 80.84 77.97 77.48 76.86 76.30 75.53 73.50 72.71
80.84 83.28 83.58 84.93 92.83 94.57 98.10 103.88 108.12 113.65 117.25 117.49 120.05 121.90 121.96 122.00 122.03 122.90 123.47 123.66 123.53 123.15 122.55 122.03 122.01 121.99 121.97 121.94 121.91 121.88 120.98 119.98 118.92 117.80 117.45 117.37 117.28 116.69 115.40 114.05 112.24 110.13 108.29 107.80 107.21 104.95 102.77 102.13 100.59 96.72 95.00 94.71 94.55 94.20 93.66 92.93 90.99 87.99 85.11 84.71 84.51 83.78 83.58 83.57 83.42 83.28 82.84 82.07 81.19 80.84 78.34 77.50 76.88 76.32 75.53 73.42 72.68
77.64 81.94 83.43 83.93 85.37 93.18 94.60 97.43 102.74 107.61 110.48 114.80 117.26 117.43 118.38 120.01 121.26 121.89 121.91 121.93 121.94 121.94 121.93 121.93 121.92 121.90 121.89 121.44 120.79 120.07 119.28 118.42 117.51 117.45 117.37 117.30 117.08 115.94 114.74 113.46 111.54 109.55 108.19 107.72 106.99 104.82 102.76 102.14 100.78 97.02 95.03 94.74 94.57 94.28 93.78 93.07 91.44 88.77 85.20 84.78 84.56 83.95 83.58 83.57 83.47 83.30 82.98 82.20 81.33 80.84 78.71 77.52 76.91 76.34 75.54 73.38 72.66
76.70 80.76 82.67 83.57 84.39 86.65 93.24 94.57 95.38 102.19 105.85 108.07 111.26 114.52 116.65 117.31 117.42 117.51 118.36 119.07 119.58 119.91 120.08 120.11 120.02 119.82 119.52 119.14 118.66 118.11 117.51 117.46 117.41 117.35 117.29 117.12 116.15 115.11 114.01 112.52 110.74 108.87 108.07 107.62 106.66 104.59 102.72 102.13 100.83 97.19 95.05 94.77 94.59 94.35 93.85 93.18 91.83 89.45 85.74 84.87 84.59 84.11 83.59 83.57 83.52 83.31 83.10 82.32 81.46 80.84 79.06 77.54 76.95 76.38 75.55 73.39 72.65
75.09 77.21 80.84 83.13 83.57 84.51 86.71 93.07 94.49 94.97 100.83 102.82 107.08 108.12 110.57 113.47 115.16 116.55 117.26 117.33 117.38 117.42 117.45 117.47 117.48 117.48 117.47 117.46 117.44 117.41 117.38 117.34 117.30 117.25 116.80 116.00 115.13 114.20 113.04 111.48 109.83 108.32 107.92 107.50 106.24 104.27 102.66 102.09 100.73 97.20 95.05 94.78 94.61 94.40 93.91 93.28 92.14 89.96 86.34 84.94 84.63 84.24 83.59 83.57 83.55 83.32 83.21 82.43 81.58 80.84 79.40 77.56 76.99 76.41 75.58 73.43 72.64
72.38 75.75 77.53 81.13 83.27 83.57 84.51 85.81 92.67 94.17 94.71 96.52 101.97 103.57 107.04 107.95 109.12 111.49 113.49 114.65 115.60 116.36 116.97 117.24 117.26 117.28 117.29 117.29 117.28 117.26 117.24 117.07 116.62 116.09 115.48 114.80 114.04 113.05 111.73 110.31 108.79 108.12 107.75 107.36 105.71 103.84 102.57 102.02 100.46 97.06 95.05 94.79 94.61 94.43 93.95 93.35 92.38 90.23 86.82 84.99 84.65 84.35 83.59 83.57 83.57 83.34 83.26 82.52 81.68 80.84 79.70 77.57 77.03 76.45 75.60 73.48 72.65
70.67 72.72 76.14 77.61 81.36 83.27 83.57 84.35 85.11 91.31 93.77 94.56 94.94 98.46 102.10 103.40 106.29 107.66 108.16 109.35 111.05 112.48 113.63 114.29 114.81 115.21 115.48 115.64 115.69 115.65 115.51 115.28 114.96 114.55 114.07 113.48 112.53 111.47 110.30 109.02 108.23 107.90 107.55 106.76 105.07 103.29 102.45 101.93 100.03 96.75 95.04 94.78 94.61 94.44 93.97 93.39 92.54 90.41 87.17 85.03 84.67 84.44 83.64 83.57 83.57 83.37 83.27 82.59 81.77 80.84 79.96 77.59 77.07 76.48 75.63 73.54 72.65
68.83 70.87 72.86 76.36 77.65 81.40 83.26 83.57 84.02 84.88 89.60 93.15 94.23 94.66 95.05 99.01 102.05 102.79 105.19 107.32 107.76 108.14 108.70 109.95 110.99 111.83 112.48 112.96 113.28 113.44 113.45 113.31 113.04 112.64 112.11 111.44 110.66 109.76 108.73 108.22 107.94 107.65 107.32 105.89 104.30 102.77 102.29 101.80 99.41 96.25 95.01 94.76 94.60 94.43 93.97 93.40 92.62 90.52 87.38 85.06 84.69 84.50 83.71 83.58 83.57 83.39 83.27 82.65 81.83 80.84 80.18 77.60 77.10 76.51 75.65 73.59 72.66
66.66 69.37 70.97 72.93 76.44 77.65 81.27 83.17 83.57 83.60 84.67 86.71 91.92 93.70 94.48 94.71 95.09 98.75 101.89 102.54 103.94 105.84 107.35 107.69 107.97 108.21 108.47 109.19 109.73 110.11 110.34 110.41 110.33 110.11 109.76 109.27 108.65 108.28 108.09 107.87 107.63 107.36 106.26 104.89 103.41 102.56 102.11 101.49 98.60 95.56 94.97 94.73 94.59 94.40 93.95 93.38 92.60 90.53 87.45 85.07 84.70 84.51 83.75 83.58 83.57 83.40 83.27 82.70 81.87 80.86 80.33 77.61 77.12 76.52 75.66 73.63 72.66
64.65 66.82 69.69 71.00 72.95 76.41 77.61 81.02 82.88 83.47 83.58 84.53 85.05 89.90 92.98 93.95 94.53 94.74 95.07 98.02 101.68 102.26 102.77 104.31 105.78 107.06 107.50 107.71 107.88 108.01 108.10 108.16 108.19 108.18 108.14 108.07 107.97 107.84 107.69 107.50 107.21 106.17 105.01 103.75 102.70 102.31 101.89 100.34 97.58 95.13 94.91 94.70 94.57 94.34 93.90 93.33 92.48 90.45 87.36 85.07 84.70 84.51 83.76 83.58 83.57 83.41 83.28 82.72 81.89 80.88 80.40 77.61 77.13 76.53 75.67 73.64 72.66
61.64 64.93 67.03 69.80 71.01 72.93 76.28 77.55 80.84 82.53 83.33 83.57 84.04 84.71 86.55 91.23 93.29 94.09 94.55 94.73 95.03 97.01 100.36 101.96 102.41 102.81 104.09 105.21 106.15 106.92 107.36 107.46 107.53 107.56 107.56 107.53 107.47 107.37 107.03 106.36 105.57 104.65 103.62 102.73 102.39 102.02 101.44 98.97 96.34 95.05 94.84 94.66 94.54 94.26 93.83 93.25 92.26 90.26 87.11 85.05 84.69 84.50 83.74 83.58 83.57 83.41 83.28 82.71 81.88 80.88 80.39 77.61 77.13 76.52 75.66 73.61 72.66
60.58 61.69 65.11 67.09 69.78 70.98 72.86 76.07 77.45 80.84 82.11 83.28 83.57 83.59 84.55 85.00 88.60 92.12 93.48 94.16 94.55 94.71 94.97 95.82 98.83 101.51 102.05 102.40 102.71 103.36 104.16 104.79 105.26 105.58 105.75 105.77 105.64 105.38 104.98 104.44 103.78 102.99 102.62 102.34 102.04 101.70 99.69 97.37 95.15 94.96 94.75 94.62 94.50 94.15 93.73 93.12 91.93 89.97 86.69 85.01 84.67 84.46 83.69 83.58 83.57 83.39 83.27 82.69 81.86 80.85 80.29 77.60 77.11 76.51 75.64 73.52 72.64
57.55 60.67 61.71 65.13 67.03 69.62 70.93 72.77 75.79 77.17 80.05 81.62 83.09 83.45 83.57 84.07 84.68 85.22 89.98 92.71 93.58 94.18 94.54 94.68 94.90 95.12 97.17 99.56 101.66 101.97 102.24 102.46 102.63 102.76 102.93 103.11 103.14 103.02 102.81 102.70 102.56 102.38 102.17 101.92 101.52 99.71 97.71 95.53 95.03 94.84 94.68 94.57 94.40 94.01 93.55 92.97 91.49 89.36 86.08 84.94 84.64 84.36 83.60 83.57 83.57 83.37 83.27 82.63 81.80 80.84 80.07 77.59 77.07 76.47 75.60 73.38 72.61
53.63 57.65 60.68 61.70 65.01 66.85 69.33 70.83 72.60 75.47 76.86 78.10 81.03 82.58 83.31 83.57 83.59 84.51 84.84 86.57 90.57 92.87 93.63 94.16 94.52 94.65 94.81 95.01 95.35 97.46 99.29 100.84 101.74 101.92 102.05 102.14 102.19 102.20 102.17 102.10 101.99 101.85 101.67 100.43 98.98 97.32 95.48 95.04 94.88 94.71 94.61 94.51 94.22 93.85 93.34 92.73 90.93 88.50 85.27 84.86 84.61 84.23 83.59 83.57 83.57 83.34 83.26 82.54 81.71 80.84 79.72 77.57 77.01 76.40 75.53 73.16 72.57
