vadose/WaterLevelProc/output.asc
NCOLS          202       
NROWS          262       
XLLCENTER      2254000.00
YLLCENTER      1309000.00
DX             500.00    
DY             500.00    
NODATA_VALUE   -999.00   
[rows 204 to 237 of 262, columns 77 to 153 of 202]
51.33 53.63 57.64 60.66 61.67 64.75 66.71 68.95 70.68 72.36 74.78 76.60 77.58 80.84 82.04 83.26 83.48 83.57 83.89 84.61 85.00 87.57 90.95 92.92 93.61 94.10 94.49 94.61 94.71 94.88 95.04 95.17 96.71 98.00 99.03 99.81 100.33 100.61 100.65 100.46 100.03 99.39 98.53 97.45 96.16 95.13 95.01 94.88 94.73 94.63 94.54 94.35 94.01 93.61 93.08 92.00 90.23 87.42 85.12 84.75 84.56 84.05 83.59 83.57 83.54 83.31 83.20 82.42 81.57 80.84 79.25 77.54 76.93 76.31 75.45 72.98 72.51
49.11 51.34 53.63 57.55 60.56 61.64 64.65 66.58 68.42 70.50 71.75 73.35 76.22 77.36 80.19 81.43 82.76 83.31 83.57 83.58 84.26 84.68 85.11 88.21 91.12 92.92 93.54 94.01 94.38 94.55 94.65 94.74 94.87 94.98 95.07 95.15 95.64 96.15 96.41 96.43 96.22 95.77 95.16 95.10 95.02 94.92 94.81 94.70 94.63 94.54 94.40 94.09 93.77 93.29 92.77 91.13 89.10 86.13 84.98 84.68 84.51 83.83 83.58 83.57 83.48 83.30 83.04 82.26 81.38 80.84 78.62 77.51 76.85 76.19 75.33 72.94 72.43
47.60 49.08 51.25 53.62 57.37 60.41 61.61 64.63 66.39 67.79 70.31 71.08 72.86 75.76 76.94 77.82 80.84 82.18 83.26 83.45 83.57 83.59 84.51 84.73 85.18 88.50 91.11 92.85 93.42 93.88 94.21 94.49 94.57 94.64 94.70 94.77 94.84 94.90 94.93 94.95 94.95 94.93 94.89 94.84 94.78 94.70 94.65 94.59 94.52 94.36 94.10 93.81 93.39 92.92 91.71 90.12 87.51 85.16 84.82 84.61 84.27 83.59 83.57 83.57 83.41 83.28 82.84 82.06 81.15 80.84 77.84 77.40 76.75 76.04 75.08 72.88 72.34
44.77 47.56 48.98 51.08 53.61 57.06 60.22 61.56 63.84 66.14 67.64 69.98 70.94 72.62 75.29 76.61 77.54 80.84 81.56 82.76 83.30 83.57 83.58 83.86 84.56 84.80 85.21 88.45 90.89 92.59 93.23 93.68 93.99 94.25 94.46 94.53 94.58 94.62 94.65 94.66 94.67 94.67 94.66 94.64 94.61 94.57 94.52 94.43 94.23 94.01 93.76 93.37 92.96 91.96 90.51 88.37 85.68 84.96 84.68 84.52 83.95 83.59 83.57 83.55 83.33 83.26 82.59 81.82 80.86 80.53 77.63 77.23 76.62 75.85 74.44 72.81 72.07
42.63 44.71 47.50 48.88 50.87 53.50 56.67 60.07 61.34 62.27 65.85 67.34 69.45 70.73 72.24 73.67 76.16 77.18 78.61 80.84 82.15 83.22 83.38 83.57 83.58 84.04 84.58 84.83 85.20 88.04 90.46 91.98 92.97 93.37 93.71 93.94 94.12 94.27 94.38 94.46 94.49 94.49 94.49 94.47 94.40 94.30 94.17 94.01 93.83 93.56 93.23 92.87 91.85 90.54 88.67 86.20 85.04 84.74 84.58 84.22 83.59 83.57 83.57 83.45 83.30 83.03 82.30 81.48 80.84 79.34 77.56 77.02 76.46 75.63 73.66 72.70 71.67
39.36 42.56 44.54 47.40 48.86 50.73 53.34 56.10 59.78 61.07 61.92 65.39 66.77 68.68 70.47 71.26 72.86 75.63 76.76 77.58 80.84 81.48 82.60 83.28 83.48 83.57 83.59 84.14 84.59 84.81 85.14 87.24 89.73 91.13 92.32 92.97 93.26 93.51 93.70 93.82 93.90 93.94 93.95 93.93 93.88 93.80 93.66 93.46 93.23 92.96 92.40 91.36 90.22 88.38 86.16 85.06 84.78 84.61 84.39 83.78 83.58 83.57 83.55 83.34 83.27 82.69 81.95 81.07 80.84 77.95 77.45 76.81 76.18 75.37 72.97 72.52 71.20
36.22 38.61 42.48 44.30 47.27 48.81 50.53 53.07 55.48 59.23 60.79 61.73 64.65 66.52 67.77 70.16 70.96 72.57 74.72 76.35 77.26 78.61 80.84 81.96 82.95 83.31 83.54 83.57 83.59 84.15 84.58 84.74 85.04 86.02 88.20 90.03 91.03 91.89 92.60 92.91 93.04 93.14 93.18 93.18 93.14 93.06 92.93 92.73 92.10 91.35 90.49 89.27 87.48 85.51 85.02 84.76 84.62 84.45 83.88 83.59 83.57 83.57 83.41 83.29 82.98 82.29 81.51 80.84 79.79 77.60 77.16 76.60 75.86 74.62 72.84 72.32 71.03
33.79 36.12 37.60 42.36 44.02 47.11 48.69 50.22 52.60 55.28 58.28 60.68 61.63 64.62 66.16 67.61 69.64 70.72 71.96 72.97 75.78 76.80 77.57 80.74 81.21 82.30 83.20 83.33 83.57 83.57 83.59 84.07 84.54 84.68 84.89 85.13 86.20 87.81 89.17 90.12 90.65 91.03 91.27 91.37 91.33 91.16 90.86 90.43 89.87 88.75 87.43 85.92 85.11 84.91 84.70 84.59 84.39 83.86 83.59 83.57 83.57 83.45 83.30 83.18 82.52 81.82 80.96 80.84 77.89 77.47 76.85 76.28 75.50 73.35 72.67 71.68 70.93
32.29 33.32 35.83 37.34 42.12 43.72 46.81 48.59 50.11 51.79 54.13 57.58 60.34 61.51 62.57 65.77 66.96 68.74 70.42 71.06 72.71 75.08 76.36 77.19 77.83 80.84 81.58 82.53 83.26 83.36 83.57 83.57 83.59 83.88 84.43 84.60 84.70 84.88 85.05 85.20 86.02 86.82 87.38 87.70 87.79 87.65 87.28 86.70 85.91 85.19 85.05 84.90 84.72 84.63 84.53 84.20 83.72 83.58 83.57 83.57 83.46 83.31 83.26 82.65 81.99 81.20 80.84 79.02 77.56 77.08 76.57 75.85 74.70 72.87 72.39 71.07 70.74
29.66 32.04 33.26 35.56 37.11 41.94 43.69 46.15 48.49 49.75 51.57 53.62 56.90 60.04 61.14 61.87 64.97 66.55 67.73 70.00 70.84 72.24 72.99 75.74 76.72 77.51 79.37 80.84 81.81 82.66 83.27 83.35 83.56 83.57 83.58 83.59 84.06 84.48 84.58 84.65 84.72 84.82 84.90 84.95 84.98 84.98 84.95 84.90 84.83 84.73 84.67 84.60 84.53 84.27 83.88 83.59 83.58 83.57 83.57 83.44 83.30 83.26 82.68 82.05 81.31 80.84 79.70 77.61 77.26 76.71 76.10 75.36 73.00 72.63 71.64 70.93 70.52
25.21 29.46 31.69 33.23 35.38 37.05 41.77 43.66 45.27 48.23 49.19 50.98 53.43 55.98 59.40 60.78 61.67 64.63 66.15 67.51 69.22 70.52 71.09 72.71 74.76 76.18 76.97 77.59 80.43 80.93 81.91 82.68 83.26 83.32 83.50 83.57 83.57 83.58 83.59 83.92 84.21 84.45 84.53 84.56 84.58 84.59 84.58 84.57 84.54 84.50 84.30 84.05 83.76 83.59 83.58 83.57 83.57 83.53 83.38 83.29 83.16 82.60 82.00 81.29 80.84 79.90 77.63 77.34 76.80 76.26 75.54 73.75 72.78 72.17 71.03 70.69 70.24
22.90 24.92 28.71 31.31 33.21 35.32 36.72 41.10 43.42 44.80 47.57 48.87 50.64 53.01 55.35 58.20 60.56 61.58 62.63 65.68 66.73 68.09 70.11 70.86 72.13 72.93 75.51 76.51 77.19 77.65 80.84 80.99 81.89 82.59 83.21 83.30 83.41 83.56 83.57 83.57 83.58 83.58 83.59 83.61 83.72 83.78 83.79 83.75 83.66 83.59 83.59 83.58 83.57 83.57 83.57 83.54 83.42 83.31 83.27 82.93 82.40 81.84 81.14 80.84 79.62 77.62 77.34 76.81 76.31 75.62 74.13 72.83 72.37 71.09 70.80 70.39 69.77
20.00 22.72 24.57 28.43 30.94 32.85 35.17 36.35 40.49 42.89 44.61 47.29 48.74 50.16 52.06 54.07 57.36 60.13 61.18 61.81 64.65 66.34 67.61 69.33 70.51 71.05 72.56 73.71 75.80 76.66 77.32 77.67 80.84 80.91 81.75 82.38 82.93 83.27 83.31 83.40 83.51 83.57 83.57 83.57 83.57 83.57 83.57 83.57 83.57 83.57 83.57 83.57 83.56 83.48 83.38 83.30 83.27 83.03 82.58 82.09 81.52 80.84 80.84 78.83 77.58 77.24 76.75 76.25 75.59 74.11 72.84 72.41 71.17 70.86 70.47 69.92 68.78
17.19 19.84 22.59 23.85 28.27 30.54 32.71 34.70 36.22 39.81 42.47 44.02 46.91 48.57 49.96 51.56 53.61 56.37 59.50 60.76 61.63 63.97 65.83 66.78 68.09 70.03 70.77 71.59 72.77 74.62 75.98 76.72 77.35 77.66 80.52 80.84 81.42 82.03 82.53 82.95 83.26 83.29 83.31 83.35 83.40 83.44 83.45 83.46 83.45 83.42 83.38 83.32 83.30 83.28 83.24 82.90 82.53 82.10 81.62 81.03 80.84 80.04 77.67 77.51 77.05 76.63 76.08 75.44 73.68 72.80 72.36 71.10 70.85 70.48 69.96 68.92 67.70
15.50 17.03 19.55 22.42 23.66 27.88 30.52 32.57 34.39 36.22 37.51 42.07 43.70 45.89 48.42 49.18 50.84 53.21 55.39 58.10 60.42 61.41 61.96 64.82 66.36 67.59 69.06 70.37 70.94 72.16 72.86 75.10 76.04 76.71 77.28 77.61 79.42 80.84 80.93 81.51 81.97 82.33 82.63 82.87 83.05 83.19 83.26 83.26 83.26 83.22 83.11 82.95 82.75 82.51 82.21 81.87 81.44 80.94 80.84 80.30 78.06 77.56 77.24 76.80 76.39 75.79 75.07 72.98 72.69 72.09 71.05 70.78 70.42 69.90 68.85 67.70 67.17
14.08 15.06 16.90 18.57 22.00 23.59 27.50 30.36 32.52 33.46 35.62 37.09 41.86 43.65 44.85 47.56 48.84 50.36 52.26 53.98 57.13 59.98 60.88 61.66 64.18 65.79 66.70 67.72 69.72 70.54 71.01 72.36 72.90 75.12 75.97 76.62 77.09 77.53 77.68 79.93 80.84 80.84 81.14 81.48 81.75 81.91 82.03 82.08 82.09 82.04 81.95 81.80 81.57 81.28 80.94 80.84 80.84 79.56 77.68 77.55 77.26 76.85 76.51 75.96 75.39 73.72 72.83 72.45 71.47 70.96 70.65 70.29 69.67 68.51 67.66 67.01 66.49
13.11 14.07 14.77 16.74 18.18 21.26 23.49 26.71 29.71 32.01 33.23 35.35 36.74 40.88 43.07 44.59 47.20 48.63 50.08 51.56 53.54 55.83 58.76 60.57 61.46 61.94 64.65 66.19 67.18 68.30 69.98 70.64 71.05 72.38 72.88 74.66 75.76 76.40 76.81 77.22 77.53 77.65 78.75 80.11 80.84 80.84 80.84 80.84 80.84 80.84 80.84 80.84 80.84 80.31 79.11 77.72 77.59 77.46 77.10 76.77 76.45 75.95 75.42 73.97 72.88 72.56 71.82 71.02 70.77 70.44 69.98 69.10 67.91 67.59 66.74 66.33 65.81
12.28 13.04 14.02 14.51 16.39 17.87 20.68 23.32 25.33 29.15 31.29 33.02 35.17 36.23 40.05 42.46 43.83 46.51 48.45 49.17 50.76 52.96 54.93 57.41 60.03 60.86 61.64 63.20 65.43 66.48 67.59 68.71 70.09 70.67 71.04 72.30 72.80 73.68 75.41 75.96 76.46 76.76 77.03 77.31 77.50 77.56 77.61 77.64 77.65 77.65 77.63 77.60 77.55 77.50 77.29 77.04 76.80 76.56 76.18 75.74 75.27 73.58 72.85 72.53 71.82 71.03 70.80 70.48 70.07 69.32 68.22 67.64 66.97 66.52 66.05 65.43 64.64
10.93 11.92 12.98 13.90 14.37 16.16 17.68 20.35 22.90 24.72 28.42 30.66 32.70 34.44 36.22 37.46 41.96 43.67 45.02 47.56 48.82 50.15 51.72 53.61 56.05 58.76 60.48 61.31 61.77 64.63 65.80 66.61 67.63 68.84 70.08 70.62 70.98 71.78 72.58 72.90 74.04 75.37 75.77 76.13 76.42 76.60 76.71 76.79 76.83 76.84 76.81 76.75 76.66 76.53 76.30 76.02 75.69 75.32 74.09 72.94 72.74 72.39 71.50 70.99 70.75 70.44 70.02 69.26 68.18 67.64 67.00 66.54 66.11 65.63 64.65 63.99 62.01
10.06 10.67 11.68 12.82 13.84 14.27 15.97 17.54 19.96 22.60 23.72 27.97 30.49 32.53 33.67 35.58 37.06 41.26 43.22 44.58 47.12 48.56 49.57 50.90 53.08 54.97 57.29 59.86 60.75 61.59 61.97 64.64 65.94 66.66 67.63 68.68 69.93 70.48 70.85 71.07 72.06 72.58 72.83 72.99 74.07 75.00 75.37 75.51 75.59 75.62 75.59 75.51 75.37 75.07 74.23 73.21 72.89 72.72 72.43 71.77 71.06 70.89 70.61 70.31 69.83 68.93 67.83 67.59 66.79 66.45 66.01 65.42 64.64 63.73 62.00 61.72 61.60
8.96 9.86 10.39 11.60 12.68 13.80 14.15 15.65 17.08 19.49 22.25 23.60 27.48 29.93 32.08 33.22 35.31 36.40 40.20 42.45 43.72 45.84 48.02 48.86 50.25 51.73 53.61 55.66 58.05 60.18 60.93 61.62 62.11 64.65 65.96 66.62 67.59 68.21 69.52 70.22 70.58 70.86 71.03 71.49 72.19 72.46 72.63 72.74 72.79 72.80 72.80 72.77 72.70 72.57 72.40 72.01 71.35 71.02 70.88 70.64 70.38 69.99 69.29 68.30 67.66 67.17 66.61 66.22 65.77 64.88 64.63 62.43 61.82 61.65 61.58 61.20 60.79
7.55 8.72 9.76 10.34 11.56 12.61 13.50 14.08 15.14 16.88 18.24 21.24 23.43 25.58 29.26 31.18 32.76 34.74 36.22 37.45 41.93 43.65 44.78 47.27 48.60 49.63 50.85 52.91 54.04 56.65 59.04 60.41 61.10 61.64 62.13 64.65 65.85 66.49 67.13 67.69 68.64 69.62 70.14 70.43 70.64 70.80 70.92 70.98 71.02 71.04 71.04 71.02 70.98 70.93 70.82 70.67 70.49 70.28 69.91 69.27 68.39 67.69 67.35 66.69 66.33 65.88 65.12 64.63 62.90 61.88 61.67 61.59 61.26 60.86 60.69 60.33 60.04
6.59 7.52 8.51 9.68 10.27 11.38 12.44 13.14 14.07 14.65 16.45 17.82 20.61 23.02 24.74 28.41 30.52 32.57 33.95 35.58 36.97 40.86 42.70 43.98 46.26 48.11 48.85 50.15 51.58 53.37 55.28 57.20 59.47 60.54 61.15 61.64 62.04 64.63 65.53 66.18 66.64 67.27 67.67 68.19 68.95 69.51 69.87 70.05 70.18 70.24 70.25 70.20 70.11 69.95 69.73 69.26 68.67 67.93 67.65 67.24 66.68 66.35 65.91 65.21 64.64 62.98 61.88 61.66 61.57 61.17 60.78 60.61 60.21 59.93 59.24 58.18 57.53
5.85 6.58 7.48 8.29 9.48 10.25 11.07 12.35 13.03 13.95 14.38 16.14 17.61 20.02 22.60 23.68 27.62 30.27 32.21 33.22 35.27 36.23 38.94 42.03 43.66 44.79 47.24 48.56 49.27 50.61 51.90 53.60 55.42 57.45 59.59 60.52 61.06 61.61 61.83 63.62 64.65 65.70 66.15 66.52 66.76 67.25 67.60 67.66 67.70 67.73 67.73 67.72 67.69 67.65 67.58 67.16 66.74 66.52 66.19 65.81 65.06 64.63 62.82 61.85 61.64 61.50 61.05 60.73 60.38 60.03 59.35 58.24 57.52 56.87 56.12 55.46 55.26
4.82 5.77 6.53 7.28 8.16 9.36 10.16 10.93 11.83 12.87 13.84 14.23 15.71 17.12 19.39 22.02 23.53 26.27 29.53 31.15 32.73 34.43 36.06 37.08 41.11 42.79 43.93 45.84 47.64 48.74 49.93 50.85 52.54 53.62 55.48 57.44 59.43 60.35 60.82 61.45 61.66 61.95 63.60 64.64 65.11 65.72 65.98 66.17 66.30 66.38 66.41 66.38 66.30 66.17 65.98 65.75 65.22 64.65 64.43 62.14 61.78 61.63 61.43 60.95 60.69 60.20 59.68 58.48 57.49 56.66 55.65 55.29 54.15 53.62 53.54 53.34 53.07
3.65 4.60 5.72 6.43 6.89 7.98 9.31 10.04 10.46 11.60 12.67 13.71 14.10 15.23 16.86 18.15 20.71 23.20 24.83 28.38 30.52 32.53 33.27 35.34 36.33 39.34 42.00 43.65 44.76 46.95 48.43 48.85 50.11 51.09 52.79 53.62 55.43 57.16 58.85 60.09 60.68 60.99 61.47 61.63 61.76 62.00 62.71 63.96 64.62 64.63 64.63 64.63 64.63 64.19 63.05 62.07 61.82 61.68 61.60 61.29 60.83 60.61 60.12 59.39 57.91 56.98 55.75 55.19 53.63 53.50 53.13 52.56 51.78 51.61 51.30 50.95 50.78
2.50 3.60 4.33 5.56 6.22 6.79 7.70 8.87 9.77 10.34 11.55 12.54 13.24 14.07 14.60 16.31 17.70 20.11 22.62 23.67 27.51 29.83 31.65 32.93 34.61 36.17 37.08 40.89 42.54 43.70 44.94 47.27 48.51 48.89 50.14 51.13 52.63 53.61 55.27 56.52 57.77 59.37 60.13 60.58 60.78 61.08 61.36 61.57 61.60 61.62 61.63 61.63 61.61 61.59 61.46 61.22 60.91 60.72 60.39 60.02 59.15 57.72 56.70 55.45 54.11 53.55 53.03 51.86 51.42 50.80 50.46 50.14 50.09 49.74 49.43 49.24 49.08
0.65 2.23 3.39 4.16 5.36 6.08 6.65 7.54 8.56 9.67 10.26 11.22 12.39 13.03 13.92 14.35 15.97 17.29 19.55 21.93 23.48 25.46 28.45 30.54 32.54 33.28 35.33 36.23 37.93 41.90 43.20 44.01 45.47 47.42 48.56 48.90 50.13 50.90 52.02 53.37 53.75 55.43 56.69 57.65 58.74 59.65 60.07 60.24 60.43 60.56 60.61 60.60 60.51 60.36 60.17 59.98 59.39 58.29 57.42 56.41 55.38 53.69 53.45 52.72 51.62 50.80 50.21 49.86 49.07 48.84 48.68 48.57 48.50 48.45 48.41 48.28 48.21
0.09 0.44 1.94 3.11 4.03 5.12 5.94 6.58 7.48 8.27 9.43 10.20 10.94 11.82 12.82 13.82 14.14 15.46 16.87 18.12 20.65 22.93 24.05 27.81 30.14 31.78 32.90 34.44 35.81 36.84 40.21 42.10 43.59 44.34 45.93 47.46 48.54 48.87 50.08 50.67 51.59 52.78 53.46 53.64 55.28 55.72 56.58 57.13 57.49 57.70 57.80 57.79 57.66 57.41 56.99 56.37 55.49 55.03 53.63 53.38 52.57 51.58 50.72 50.13 49.32 48.83 48.57 48.22 47.45 47.13 46.70 45.93 45.39 45.21 45.15 45.19 45.30
0.00 0.04 0.22 1.64 2.96 3.83 4.91 5.78 6.53 7.19 8.09 9.33 10.06 10.42 11.59 12.63 13.43 14.08 14.62 16.26 17.64 19.96 22.41 23.58 25.89 28.61 30.53 32.53 33.25 35.22 36.22 37.10 40.76 42.38 43.66 44.45 45.86 47.38 48.48 48.81 49.40 50.15 50.78 51.58 52.25 53.10 53.45 53.61 53.63 53.93 54.21 54.19 53.86 53.63 53.61 53.41 53.01 52.02 51.46 50.71 50.13 49.33 48.82 48.52 47.60 47.07 45.50 44.78 44.09 43.70 43.67 43.58 43.42 43.39 43.46 43.61 43.66
0.00 0.00 0.00 0.18 1.33 2.87 3.67 4.65 5.72 6.37 6.84 7.79 8.90 9.76 10.31 11.42 12.41 13.05 13.93 14.32 15.79 17.06 18.32 20.91 23.12 24.27 27.79 29.94 31.44 32.72 34.10 35.36 36.23 37.34 41.08 42.43 43.66 44.30 45.33 47.17 48.02 48.60 48.85 49.42 50.11 50.45 50.81 51.22 51.58 51.68 51.73 51.73 51.68 51.58 51.21 50.79 50.42 50.10 49.32 48.84 48.56 47.83 47.13 45.37 44.54 43.70 43.30 42.45 41.94 41.30 40.66 40.32 40.22 40.32 40.59 41.02 41.63
0.00 0.00 0.00 0.00 0.17 1.00 2.58 3.60 4.28 5.49 6.13 6.68 7.54 8.51 9.57 10.25 10.96 11.89 12.83 13.81 14.11 15.00 16.57 17.74 20.05 22.50 23.57 25.59 28.43 30.52 32.31 33.11 34.43 35.54 36.36 37.48 41.10 42.38 43.55 43.91 44.80 46.56 47.33 48.12 48.55 48.74 48.87 49.15 49.53 49.84 50.00 50.01 49.88 49.58 49.20 48.87 48.75 48.55 48.05 47.28 46.21 44.78 43.72 43.41 42.34 41.38 39.75 37.10 36.56 36.22 36.22 36.18 36.20 36.22 36.22 36.38 36.89
0.00 0.00 0.00 0.00 0.00 0.16 0.69 2.23 3.32 4.10 5.21 5.96 6.58 7.47 8.21 9.35 10.11 10.53 11.59 12.61 13.27 14.05 14.39 16.09 17.19 18.62 20.92 23.02 23.76 27.50 29.64 30.76 32.53 33.22 34.74 35.64 36.39 37.39 40.81 42.08 43.06 43.69 44.28 44.81 46.22 47.12 47.43 47.82 48.40 48.47 48.50 48.51 48.49 48.43 48.00 47.50 47.18 46.41 44.84 44.23 43.68 42.77 41.94 40.35 37.11 36.23 35.70 35.22 34.40 33.28 33.23 33.22 33.23 33.27 34.31 34.79 35.32
0.00 0.00 0.00 0.00 0.00 0.00 0.09 0.42 1.85 3.00 3.89 4.93 5.78 6.51 6.96 7.94 9.06 9.77 10.31 11.36 12.39 13.00 13.85 14.17 15.31 16.67 17.74 20.01 22.32 23.47 24.97 28.08 29.97 31.19 32.59 33.24 34.84 35.60 36.23 37.11 40.21 41.83 42.41 43.25 43.68 43.92 44.59 44.80 45.18 45.63 46.02 46.11 45.89 45.40 44.93 44.77 44.15 43.70 43.38 42.43 41.68 39.92 37.05 36.22 35.33 34.38 33.18 32.53 31.74 30.83 30.52 30.52 30.58 31.18 32.16 32.59 33.07
