vadose/WaterLevelProc/output.asc
NCOLS          202       
NROWS          262       
XLLCENTER      2254000.00
YLLCENTER      1309000.00
DX             500.00    
DY             500.00    
NODATA_VALUE   -999.00   
[rows 68 to 101 of 262, columns 77 to 153 of 202]
22.68 20.12 17.77 16.90 16.14 15.65 15.34 15.48 15.75 16.28 17.05 17.96 20.17 22.58 23.65 27.71 30.49 32.59 34.43 36.22 39.91 42.50 44.05 46.84 48.51 49.39 50.84 53.03 54.99 57.41 60.04 60.94 61.70 64.63 66.15 67.59 69.71 70.85 72.59 75.57 77.16 80.84 82.66 83.57 84.41 88.48 94.06 95.52 105.39 113.39 118.45 124.51 131.38 135.30 139.13 147.41 149.08 156.67 177.39 177.73 180.30 183.66 185.28 186.82 188.39 -999.00 -999.00 -999.00 -999.00 -999.00 -999.00 -999.00 -999.00 -999.00 -999.00 -999.00 -999.00
27.26 23.59 22.57 20.65 19.80 18.47 18.27 18.84 19.96 20.79 22.64 23.60 26.90 29.67 31.81 33.23 35.46 37.09 41.93 43.68 45.46 48.05 48.87 50.28 51.69 53.47 55.33 57.26 59.47 60.54 61.20 61.68 63.26 65.32 66.45 67.62 69.33 70.57 71.54 72.97 76.15 77.51 80.84 82.91 83.57 84.51 88.87 94.10 95.70 105.47 113.47 118.52 124.68 131.41 135.39 139.36 147.59 149.20 157.42 177.40 177.75 180.44 183.81 185.35 186.89 188.46 -999.00 -999.00 -999.00 -999.00 -999.00 -999.00 -999.00 -999.00 -999.00 -999.00 -999.00
30.79 28.56 26.70 23.87 23.56 23.42 23.44 23.59 24.33 27.46 29.14 30.90 32.73 35.10 36.44 41.11 43.65 45.53 48.45 49.46 50.99 53.13 54.61 56.64 58.37 60.03 60.64 61.00 61.57 61.71 62.10 64.63 65.39 66.18 66.75 67.66 69.11 70.34 70.94 72.43 74.17 76.43 77.56 80.84 82.94 83.57 84.50 88.60 94.06 95.38 105.31 113.36 118.50 124.75 131.44 135.40 139.61 147.81 149.34 158.32 177.42 177.76 180.60 183.92 185.43 186.98 188.55 -999.00 -999.00 -999.00 -999.00 -999.00 -999.00 -999.00 -999.00 -999.00 -999.00
33.28 32.53 30.71 29.97 29.12 28.47 29.30 30.17 30.90 32.55 33.61 35.79 37.50 42.51 44.78 48.37 50.08 52.22 55.25 57.91 60.24 60.99 61.60 61.77 62.12 64.05 64.64 64.73 65.28 65.73 65.98 66.26 66.54 66.79 67.53 67.73 69.00 70.05 70.62 71.05 72.57 74.46 76.42 77.54 80.84 82.79 83.57 84.33 87.83 93.96 95.14 105.00 113.15 118.44 124.81 131.47 135.40 139.93 147.88 149.52 159.41 177.43 177.78 180.80 184.01 185.52 187.07 -999.00 -999.00 -999.00 -999.00 -999.00 -999.00 -999.00 -999.00 -999.00 -999.00
36.22 35.19 33.26 32.74 32.63 32.63 32.74 33.27 35.20 36.23 40.22 43.31 45.93 48.77 51.40 55.33 60.01 61.58 64.62 66.09 66.97 67.69 68.33 68.80 68.91 68.82 68.57 68.27 67.96 67.73 67.70 67.69 67.69 67.71 67.87 68.35 68.99 69.76 70.28 70.67 71.04 72.47 73.71 76.16 77.38 80.84 82.50 83.50 84.06 86.73 93.83 95.08 104.63 112.93 118.40 124.96 131.52 135.40 140.35 147.92 149.74 160.76 177.46 177.81 181.02 184.11 185.63 187.17 -999.00 -999.00 -999.00 -999.00 -999.00 -999.00 -999.00 -999.00 -999.00
41.23 37.07 36.22 35.50 35.35 35.43 36.22 36.87 40.64 43.24 45.37 48.71 51.58 56.37 60.86 64.64 67.62 70.48 72.18 73.24 75.48 75.82 75.80 75.50 74.50 72.93 72.60 71.85 71.02 70.78 70.50 70.24 69.91 69.54 69.20 69.03 69.05 69.28 69.74 70.13 70.51 70.92 71.90 72.89 75.69 76.99 79.95 82.09 83.39 83.75 85.49 93.67 95.02 104.31 112.80 118.45 125.29 131.60 135.40 140.92 147.98 150.01 162.41 177.48 177.95 181.28 184.23 185.75 187.29 -999.00 -999.00 -999.00 -999.00 -999.00 -999.00 -999.00 -999.00
43.67 42.01 40.37 37.57 37.38 39.14 41.33 42.81 44.64 47.95 50.16 53.87 60.46 64.64 68.91 72.54 76.81 80.84 82.67 83.30 83.37 83.32 83.27 82.47 81.26 80.26 77.51 76.65 75.64 73.06 72.52 71.21 70.85 70.50 70.13 69.70 69.15 68.83 68.75 68.97 69.50 70.09 70.57 71.01 72.51 74.67 76.61 77.68 81.62 83.31 83.59 85.12 93.49 94.97 104.11 112.83 118.64 125.89 131.72 135.40 141.67 148.05 150.35 164.39 177.51 178.24 181.58 184.36 185.88 187.42 -999.00 -999.00 -999.00 -999.00 -999.00 -999.00 -999.00
45.41 43.70 42.91 42.39 42.40 43.03 43.72 46.29 48.64 51.08 56.10 61.35 66.57 71.05 77.07 82.92 83.93 88.55 93.45 94.12 94.02 93.28 90.22 84.89 83.87 83.57 83.15 81.38 78.78 77.02 75.93 73.32 72.43 71.02 70.61 70.10 69.27 68.31 67.72 67.67 67.67 67.81 68.79 69.92 70.61 71.30 72.90 76.06 77.53 81.06 83.28 83.58 85.00 93.35 94.94 104.12 113.11 119.04 126.84 131.90 135.40 142.61 148.14 150.76 166.74 177.55 178.58 181.92 184.51 186.02 187.56 -999.00 -999.00 -999.00 -999.00 -999.00 -999.00
47.57 45.18 44.12 43.71 43.77 44.77 47.12 48.73 51.12 55.97 61.37 66.76 72.40 80.58 83.58 93.27 101.09 108.09 114.03 115.00 112.36 107.82 102.44 94.95 93.84 87.80 84.41 83.57 82.95 80.84 77.58 76.52 74.55 72.50 70.98 70.40 69.39 67.77 67.39 66.74 66.59 66.58 66.74 67.46 68.14 69.96 70.83 72.49 75.47 77.19 80.84 83.20 83.57 84.91 93.27 94.94 104.42 113.67 119.69 128.24 132.14 135.41 143.41 148.24 151.24 169.44 177.59 178.95 182.29 184.66 186.18 187.71 -999.00 -999.00 -999.00 -999.00 -999.00
48.55 47.13 45.20 44.80 45.17 47.14 48.59 50.39 53.70 60.59 65.84 71.00 78.30 83.66 94.61 110.10 121.93 130.78 131.80 131.59 130.62 122.01 117.46 110.78 102.66 94.75 92.96 84.85 83.58 83.28 81.32 77.63 76.47 73.58 71.86 70.63 69.49 67.66 66.66 66.07 65.55 65.01 65.07 65.69 66.25 67.04 68.45 70.40 71.53 74.20 76.85 80.84 82.96 83.57 84.87 93.28 94.99 105.10 114.37 120.65 130.16 132.46 135.41 144.38 148.37 151.80 172.50 177.63 179.36 182.69 184.83 186.34 187.87 -999.00 -999.00 -999.00 -999.00
48.66 47.39 46.37 45.62 46.78 47.87 48.96 51.73 57.20 61.68 68.29 75.87 83.35 93.88 111.42 130.38 135.41 145.42 147.90 145.63 138.36 134.60 130.80 121.92 115.59 105.92 95.03 93.37 84.96 83.58 83.27 80.98 77.50 75.84 72.68 70.85 69.57 67.51 66.18 64.65 62.71 61.83 61.75 61.82 62.64 64.65 66.22 67.60 69.87 71.00 72.96 76.64 80.36 82.79 83.57 84.88 93.40 95.08 106.25 115.42 121.88 130.51 133.25 135.69 145.51 148.51 152.53 175.87 177.68 179.79 183.11 185.01 186.51 188.03 -999.00 -999.00 -999.00
48.56 47.21 45.74 45.34 46.77 48.13 49.36 52.80 58.77 63.76 70.43 77.59 84.50 101.94 121.98 135.41 149.59 172.30 177.21 159.23 148.70 144.28 135.40 131.02 121.93 115.18 104.72 94.85 92.87 84.69 83.57 82.74 80.79 76.74 73.16 71.00 69.63 66.99 65.48 62.07 61.59 60.98 60.74 60.75 61.05 61.61 62.11 65.41 66.77 69.12 70.84 72.82 76.46 79.54 82.70 83.57 84.96 93.66 96.02 107.46 116.86 121.94 130.78 134.18 137.62 146.80 148.91 156.28 177.39 177.73 180.26 183.55 185.20 186.69 188.20 -999.00 -999.00
47.57 45.47 44.72 44.59 45.05 47.37 48.87 51.96 58.39 64.34 70.69 80.35 85.11 107.63 130.94 147.94 177.50 182.27 181.46 177.70 163.81 148.49 142.09 134.50 130.44 119.28 110.59 102.02 94.51 89.20 84.09 83.37 81.50 77.51 75.38 71.32 69.70 66.66 64.63 61.60 60.62 59.45 57.88 57.74 58.75 60.14 60.93 61.71 64.65 66.55 68.50 70.68 72.69 76.26 79.12 82.74 83.57 85.14 94.00 99.21 108.00 117.34 122.01 131.13 135.26 139.80 147.90 149.66 160.28 177.44 177.79 180.74 183.93 185.39 186.87 188.36 -999.00
45.14 43.71 43.53 43.48 43.70 45.06 48.45 50.65 56.29 61.77 70.15 77.66 84.89 107.63 131.26 148.29 177.78 186.18 184.40 178.96 177.36 150.54 146.56 135.41 131.50 121.98 116.24 105.84 94.95 93.10 84.76 83.57 82.71 79.30 76.13 72.21 69.80 66.43 62.02 60.74 58.06 55.40 53.62 53.61 54.03 56.23 59.05 60.71 61.63 64.63 66.39 67.94 70.52 72.52 76.15 79.36 82.97 83.59 87.18 94.47 101.99 109.79 117.51 125.03 131.73 135.40 142.18 148.09 150.47 164.49 177.50 178.03 181.22 184.13 185.58 187.04 188.53
43.31 41.93 40.85 40.86 41.94 43.48 45.28 48.80 53.20 60.70 67.33 76.11 83.58 101.73 125.52 144.10 172.51 179.80 180.20 177.71 170.87 150.32 147.36 135.57 132.12 123.51 117.32 107.69 97.15 93.93 85.93 83.59 83.29 80.84 76.77 72.64 69.92 66.17 61.64 59.61 54.84 51.92 50.68 50.44 51.14 53.26 55.55 59.01 60.74 61.65 64.63 66.15 67.65 70.33 72.41 76.22 80.73 83.27 83.96 90.67 94.68 103.19 113.57 120.20 129.74 132.40 135.41 143.99 148.29 151.30 168.80 177.56 178.55 181.71 184.33 185.76 187.22
37.54 36.32 36.22 36.22 36.48 39.30 42.58 45.58 49.56 55.50 62.09 70.93 81.64 93.02 115.09 132.51 147.93 155.62 169.82 163.35 151.41 148.40 144.86 135.41 131.85 122.14 117.28 107.62 97.53 94.12 88.42 84.34 83.51 81.91 77.47 72.96 70.15 65.97 61.25 56.75 51.77 49.28 48.51 48.41 48.80 50.83 53.64 57.21 60.12 61.14 61.66 62.71 65.62 67.22 70.17 72.49 76.59 80.84 83.41 84.61 93.13 95.10 107.30 116.53 121.93 130.70 133.79 136.46 145.73 148.50 152.15 173.16 177.62 179.07 182.19 184.53 185.94
34.69 33.23 32.89 32.99 33.27 35.24 36.56 41.98 45.50 50.15 57.96 65.94 73.39 83.43 94.64 117.33 131.72 138.29 146.54 147.93 147.09 143.93 137.97 134.97 130.78 121.77 114.06 104.09 94.96 93.73 87.89 84.55 83.57 82.91 79.14 75.34 70.45 65.88 60.74 53.64 49.74 47.20 44.21 43.71 45.39 49.75 56.74 58.32 60.71 61.09 61.02 61.23 61.65 64.64 66.85 70.34 72.85 77.22 82.01 83.57 85.18 94.21 101.52 108.37 117.42 122.32 131.25 135.28 139.30 147.51 149.05 155.69 177.36 177.68 179.57 182.66 184.72
30.52 29.71 29.05 29.42 30.30 31.35 33.05 35.50 40.69 44.81 50.18 59.21 66.49 75.34 83.47 94.24 109.65 121.96 131.17 133.36 134.54 134.34 133.65 131.18 121.95 116.01 106.36 95.25 94.12 90.86 85.01 84.51 83.58 83.31 81.04 76.43 70.82 65.96 60.33 52.48 48.30 43.65 40.37 37.49 41.93 48.47 62.68 70.98 65.93 61.55 60.14 59.15 60.00 61.15 64.63 67.57 70.84 75.43 79.18 83.27 84.08 91.19 94.71 103.53 113.52 119.75 128.19 132.05 135.40 142.16 148.03 149.95 160.24 177.42 177.74 180.06 183.11
23.62 23.38 23.10 23.26 23.56 24.84 28.33 31.01 33.65 37.09 43.82 49.44 57.52 65.69 72.59 81.95 85.02 95.04 108.32 117.37 120.28 121.55 120.93 117.38 109.05 102.11 94.58 92.14 85.06 84.51 83.81 83.68 83.59 83.57 82.71 77.49 71.56 66.23 60.07 50.87 45.15 39.09 35.17 34.37 36.39 45.21 70.98 77.10 67.59 60.73 55.91 53.61 53.63 57.83 61.34 65.69 69.30 72.49 76.86 81.58 83.57 84.92 93.81 97.63 107.68 117.22 121.93 130.64 133.26 135.41 144.17 148.25 150.83 164.63 177.48 177.79 180.52
18.15 17.71 17.63 17.69 18.10 19.92 22.02 23.60 28.29 32.50 35.61 42.43 48.44 53.61 61.62 69.34 76.28 83.12 84.84 94.46 94.96 95.07 94.91 94.52 93.06 85.32 83.58 83.35 83.26 82.46 82.93 83.54 83.59 83.59 83.47 80.84 72.85 66.59 59.95 50.17 43.71 35.56 30.80 29.91 36.17 55.29 83.57 74.10 60.82 53.55 51.20 49.86 50.09 53.62 60.12 62.32 67.47 70.92 75.62 79.90 83.28 84.04 90.67 94.64 102.53 110.96 117.50 123.29 131.21 134.85 137.73 145.99 148.46 151.66 168.80 177.53 178.03
14.37 14.28 14.24 14.30 14.41 15.31 16.28 17.65 20.61 23.60 29.63 33.22 37.09 44.34 49.89 56.83 62.07 69.43 74.97 80.84 82.41 82.93 82.70 81.40 77.85 76.97 72.46 71.17 73.27 71.91 75.50 81.59 83.59 84.60 83.59 82.64 75.54 66.91 59.49 50.08 43.68 34.37 24.90 21.46 32.72 53.47 60.54 52.22 44.13 46.36 48.82 48.68 48.87 53.05 58.98 61.69 66.51 70.36 72.96 77.45 82.18 83.57 85.03 93.83 96.65 107.37 115.73 121.32 129.50 132.04 135.40 140.58 147.72 148.83 152.63 172.67 177.58
12.77 12.73 12.73 12.79 12.95 13.11 13.81 14.08 14.94 17.06 20.59 23.73 30.46 34.38 39.89 44.78 49.56 54.88 60.77 64.64 66.70 67.70 67.84 66.59 61.66 57.44 53.46 53.62 56.59 58.21 64.65 75.47 83.57 84.68 84.64 83.43 76.46 66.77 57.42 48.84 44.78 35.18 22.73 23.65 35.59 50.09 51.67 41.92 28.44 36.29 46.82 49.46 50.89 53.62 59.34 61.64 66.16 69.82 72.53 76.72 80.95 83.40 84.53 91.73 94.67 102.45 109.81 117.40 121.99 130.76 133.24 135.41 143.03 148.04 149.62 156.55 176.19
10.39 10.50 10.64 10.79 10.93 10.96 11.45 11.84 12.75 13.84 14.40 16.95 20.59 23.73 30.38 33.26 36.87 43.02 46.81 48.84 50.54 51.77 53.16 51.67 44.77 35.49 33.24 35.53 40.44 44.24 50.66 65.59 77.13 83.57 83.59 83.57 75.89 66.05 53.62 44.79 37.02 30.52 23.35 43.01 51.23 55.36 51.04 43.65 35.32 35.32 43.69 51.31 53.26 55.73 60.12 61.70 66.09 69.31 71.90 76.17 80.66 83.26 83.59 86.78 94.13 97.77 107.34 115.02 119.90 126.00 131.38 134.74 136.60 144.67 148.22 150.34 160.07
9.32 9.36 9.42 9.44 9.42 9.40 9.46 9.76 10.26 11.20 12.46 13.61 14.26 16.44 19.62 23.26 27.73 31.09 33.23 35.33 36.22 36.75 37.09 36.88 28.40 16.11 15.73 20.24 25.90 32.70 41.94 51.60 64.64 72.84 70.42 72.75 70.84 62.66 51.46 42.91 35.32 37.57 55.27 78.00 75.64 67.57 60.03 49.39 44.02 43.65 47.28 50.79 53.63 57.56 60.69 61.88 66.21 69.16 71.30 75.70 77.79 82.54 83.57 84.82 93.11 94.82 102.66 109.69 117.35 121.94 130.43 132.14 135.40 139.09 146.14 148.38 150.98
7.49 7.57 7.81 7.81 7.57 7.51 7.45 7.50 8.13 9.34 10.12 10.87 11.80 12.97 14.02 14.89 17.03 19.79 22.36 23.36 23.55 23.43 22.55 18.19 14.15 11.87 11.61 13.51 16.04 22.53 31.55 41.45 48.60 51.36 52.25 53.64 61.45 60.38 51.32 44.79 48.45 59.41 82.03 107.37 87.86 76.99 66.50 57.60 50.55 48.86 50.05 52.32 55.43 59.40 61.09 62.81 66.43 69.26 71.09 75.39 77.56 81.92 83.53 84.54 90.80 94.52 100.30 107.50 114.85 118.99 123.21 130.91 133.21 135.41 141.30 147.43 148.53
6.53 6.66 6.81 6.81 6.64 6.51 5.99 5.87 6.56 7.33 8.01 8.85 9.63 10.22 10.95 12.11 13.03 13.94 14.20 14.39 14.33 14.07 13.05 11.59 10.18 9.34 9.41 10.30 12.63 14.65 21.34 30.52 35.66 35.19 41.42 46.67 52.62 56.36 53.63 52.98 58.94 67.83 82.23 94.12 90.53 81.37 70.50 61.68 56.61 53.32 53.22 54.49 57.51 60.34 61.59 64.63 66.65 69.51 71.08 75.08 77.40 81.37 83.34 83.94 87.25 93.94 95.09 103.71 110.24 117.32 121.90 128.57 131.48 134.43 135.41 142.97 147.93
5.96 6.45 6.57 6.57 6.49 6.02 5.51 5.14 5.79 6.36 6.59 6.81 7.36 7.56 8.33 9.45 10.24 10.96 11.60 11.67 11.48 10.28 9.32 7.48 6.56 6.51 6.77 8.14 10.11 12.41 14.30 19.01 23.55 27.59 33.14 41.89 48.97 55.49 56.19 57.58 62.31 72.37 83.26 92.72 84.58 79.99 70.55 63.95 60.11 56.66 55.86 57.28 59.81 60.86 61.75 65.04 66.93 69.78 71.08 74.60 77.19 80.91 83.29 83.59 85.08 93.23 94.72 102.04 107.79 115.00 118.32 122.01 130.56 132.07 135.40 136.78 143.99
5.86 6.37 6.56 6.57 6.50 6.12 5.78 5.70 5.76 5.87 5.94 5.90 5.82 5.89 6.27 6.78 7.91 9.24 9.75 9.76 9.36 7.85 6.37 4.24 3.62 4.12 5.42 6.49 7.67 9.81 11.72 13.97 16.22 20.34 27.47 34.39 44.62 56.08 50.72 51.64 61.52 72.56 83.89 89.06 81.78 72.61 66.68 61.60 59.85 57.55 57.57 59.29 60.56 61.49 62.14 65.75 67.34 69.89 71.08 74.19 77.01 80.84 83.26 83.57 84.78 92.27 94.55 98.81 105.66 111.13 117.31 121.44 125.26 130.91 132.67 135.40 138.18
6.25 6.58 6.73 6.78 6.69 6.58 6.44 6.14 6.02 5.85 5.70 5.08 4.25 3.88 4.13 5.48 6.52 7.49 8.19 8.38 7.88 6.65 5.24 2.58 1.16 2.91 3.83 5.11 6.25 7.53 9.68 11.46 13.30 14.94 18.99 24.70 32.53 35.57 34.45 36.22 48.63 61.28 67.87 70.59 66.88 61.74 60.06 56.75 55.42 55.71 57.48 59.97 60.80 61.64 64.21 65.99 67.54 69.91 71.05 73.68 76.87 80.84 83.02 83.57 84.65 90.85 94.29 95.14 102.74 108.13 115.17 117.56 121.95 128.95 131.25 133.42 135.40
6.84 7.47 7.54 7.55 7.54 7.49 7.12 6.75 6.58 6.19 5.74 4.77 3.62 2.14 2.11 3.92 5.78 6.71 7.60 8.14 7.77 6.75 5.73 3.69 2.88 2.92 3.37 3.86 4.93 6.10 7.51 9.55 11.15 12.99 14.14 16.14 17.06 16.16 14.10 14.65 23.62 35.35 43.68 47.59 48.55 48.54 48.60 48.88 50.39 53.01 55.97 59.94 61.05 61.73 64.63 66.03 67.42 69.74 70.98 72.99 76.73 80.84 82.84 83.57 84.59 89.93 94.01 94.91 102.06 107.39 111.87 117.27 119.99 122.02 130.42 131.57 133.92
8.26 8.56 8.81 9.00 9.00 8.79 8.45 8.08 7.53 6.77 6.20 5.30 3.70 1.92 1.49 3.85 5.79 6.82 8.11 8.97 9.04 8.13 6.76 5.76 4.36 3.67 3.36 3.19 3.63 4.67 6.18 7.70 9.76 11.12 12.46 12.81 12.43 10.31 7.48 6.78 11.57 15.22 21.12 26.97 30.75 33.23 36.22 41.94 45.51 49.80 53.63 59.56 61.12 61.74 64.46 65.77 66.81 68.98 70.80 72.84 76.56 80.28 82.72 83.57 84.57 89.26 93.84 94.76 100.91 105.05 108.38 114.93 117.43 121.73 123.53 130.58 131.75
9.94 10.03 10.10 10.17 10.21 10.21 10.13 9.76 9.34 8.18 7.17 6.31 5.32 4.09 4.06 5.38 6.55 7.76 9.40 10.23 10.37 10.27 9.48 7.55 6.31 5.01 3.68 2.86 2.29 3.35 5.33 6.78 8.87 10.22 10.94 10.95 10.24 8.33 6.39 5.99 7.55 9.96 11.57 13.41 15.12 18.74 24.48 32.55 37.41 47.22 52.87 59.31 61.06 61.64 62.02 64.64 66.22 67.69 70.42 72.52 76.25 79.50 82.69 83.57 84.59 89.50 93.81 94.70 98.78 102.94 107.71 111.68 116.69 117.68 121.91 124.74 130.65
11.24 11.06 11.12 11.37 11.57 11.61 11.61 11.55 10.53 10.07 9.12 7.65 6.73 6.46 6.39 6.67 7.74 9.41 10.37 12.36 13.14 13.67 12.61 10.30 8.18 6.39 4.57 2.91 0.57 2.27 4.93 6.69 8.73 10.14 10.39 10.37 10.03 8.41 6.81 6.50 6.55 6.59 6.70 8.35 10.27 12.55 14.38 21.51 32.29 43.30 51.68 59.58 60.75 61.02 61.44 61.73 64.64 66.56 69.41 71.42 75.82 78.77 82.76 83.57 84.66 90.42 93.91 94.69 97.53 102.42 106.55 108.33 113.67 117.26 118.31 121.92 124.90
12.62 12.42 12.42 12.62 12.96 13.48 13.84 13.75 12.82 11.61 10.38 9.87 9.32 8.46 8.27 8.72 9.63 10.35 12.39 14.04 16.86 19.93 17.00 13.55 10.28 7.67 5.94 4.02 2.86 3.62 5.79 7.53 9.69 10.42 11.48 11.41 10.39 9.76 8.41 7.48 6.59 5.87 4.75 5.98 6.89 8.28 10.26 13.84 22.59 36.36 52.34 59.57 58.77 58.10 59.21 60.40 61.58 64.64 67.58 70.78 75.29 78.20 82.96 83.58 84.88 91.90 94.17 94.74 97.10 102.09 104.35 107.61 109.47 114.14 117.27 118.18 121.91
