vadose/WaterLevelProc/output.asc
NCOLS          202       
NROWS          262       
XLLCENTER      2254000.00
YLLCENTER      1309000.00
DX             500.00    
DY             500.00    
NODATA_VALUE   -999.00   
[rows 102 to 135 of 262, columns 0 to 76 of 202]
22.22 23.37 24.55 27.78 29.96 31.76 33.21 35.31 37.03 42.17 44.80 48.84 53.31 60.39 65.84 70.84 76.71 81.69 83.28 82.54 77.20 70.46 61.63 52.12 44.86 37.06 33.21 30.43 27.67 25.04 22.35 18.28 16.91 15.70 14.49 14.20 14.08 14.08 14.08 14.08 14.13 14.34 14.76 15.74 16.52 17.32 18.00 19.75 20.55 21.11 21.56 21.21 20.59 19.65 17.75 16.88 15.86 14.88 14.99 16.34 18.05 20.70 22.33 21.90 20.53 18.79 17.19 15.01 14.03 13.15 12.96 13.04 13.82 14.25 15.61 14.22 13.86
22.27 23.43 24.87 28.17 30.44 32.50 33.28 35.71 37.68 42.93 46.28 49.12 53.46 60.16 64.64 69.14 72.60 76.48 77.30 76.66 72.66 67.72 61.59 53.62 48.50 43.06 36.45 33.97 32.47 30.24 25.81 23.07 20.49 17.96 17.01 16.21 15.70 15.27 14.94 14.97 15.44 15.81 16.29 16.98 17.71 19.31 20.62 22.32 22.89 23.34 23.34 22.83 21.60 19.55 16.99 14.70 13.84 12.55 11.59 12.32 13.64 14.38 16.18 17.03 17.24 16.94 16.15 14.55 14.08 13.78 13.16 13.36 13.86 14.10 14.32 14.13 13.99
22.24 23.44 25.00 28.37 30.52 32.53 34.27 36.22 40.07 43.47 46.83 49.20 53.25 59.25 61.75 66.61 70.14 71.36 72.54 71.65 70.17 66.31 61.27 55.28 49.68 45.33 42.03 36.53 34.77 32.62 30.42 27.46 23.54 22.24 20.01 18.10 17.57 16.97 16.80 16.64 16.79 16.97 17.57 18.11 19.98 21.63 23.03 23.62 24.99 26.11 25.65 24.15 23.15 20.23 16.91 14.15 12.62 10.25 8.16 9.11 10.87 12.75 14.02 14.38 15.29 15.55 14.75 14.21 13.99 13.55 13.06 13.07 13.55 13.87 14.03 14.00 13.84
22.07 23.42 25.01 28.41 30.52 32.58 34.40 36.22 40.31 43.57 46.76 48.88 52.28 57.15 61.01 64.63 66.76 68.72 69.82 69.10 67.15 64.64 60.84 55.78 50.81 48.39 44.00 41.71 36.44 34.77 32.61 30.47 27.72 23.72 22.93 21.40 20.04 18.51 17.91 17.71 17.70 17.88 18.57 20.16 22.19 23.39 24.86 28.07 29.70 30.50 30.47 29.33 25.56 22.63 17.68 14.26 12.48 9.89 7.47 7.81 10.02 11.58 12.99 13.90 14.12 14.26 14.19 14.08 13.83 13.06 12.68 12.65 12.91 13.13 13.53 13.56 13.29
21.65 23.35 24.88 28.36 30.52 32.58 34.40 36.22 40.20 43.37 45.96 48.75 51.23 55.28 60.01 61.60 64.63 66.11 66.57 66.42 65.42 61.85 60.68 56.51 51.92 48.88 46.91 43.66 40.77 36.23 34.43 32.57 30.52 28.19 24.87 23.48 22.60 21.01 20.09 19.69 19.38 19.71 20.25 21.81 23.29 24.89 28.44 30.92 32.70 33.25 33.28 32.74 30.66 25.90 20.71 16.00 13.19 10.93 9.55 9.42 10.23 11.52 12.64 13.52 13.98 14.08 14.08 13.98 13.66 12.83 12.04 11.83 12.49 12.72 12.90 12.93 12.83
21.08 23.16 24.56 28.16 30.52 32.53 34.32 36.22 39.36 42.83 44.87 48.50 50.25 53.39 57.16 60.45 61.59 62.08 64.62 64.62 62.05 61.58 60.36 56.95 53.31 50.16 48.49 44.91 42.93 39.75 36.22 34.22 32.53 30.52 28.41 25.46 23.61 22.90 21.95 20.64 20.25 20.35 20.88 22.61 23.62 27.89 30.87 33.24 36.00 37.11 39.13 37.07 35.32 32.13 25.05 19.21 14.39 12.84 11.43 10.82 11.17 11.87 12.75 13.42 13.87 14.05 14.07 13.98 13.79 12.94 12.22 11.73 12.38 12.46 12.55 12.54 12.43
20.65 22.85 23.76 27.79 30.39 32.52 33.38 35.79 37.41 42.38 44.42 47.54 49.27 51.64 54.41 57.89 60.42 61.20 61.61 61.64 61.59 60.97 60.15 57.37 53.63 51.36 48.99 47.43 44.22 42.23 37.19 35.56 33.26 32.43 30.46 28.41 25.67 23.60 22.75 21.68 20.66 20.62 21.19 22.72 23.91 29.19 32.70 36.22 42.02 44.77 47.02 45.74 43.30 36.40 32.52 23.75 17.83 14.34 13.25 12.65 12.62 12.82 13.14 13.82 13.99 14.08 14.08 14.08 13.93 13.57 12.88 12.55 12.41 12.38 12.16 11.88 11.65
20.21 22.59 23.62 27.48 29.78 31.98 33.23 35.37 37.06 41.91 43.70 46.81 48.67 50.36 52.97 55.37 57.94 60.12 60.71 60.86 60.83 60.68 60.05 57.78 55.33 52.93 50.33 48.64 46.64 43.68 41.36 36.58 35.22 33.03 31.50 29.81 27.80 24.11 23.21 22.22 20.66 20.36 20.64 22.46 23.68 29.68 33.35 40.66 47.10 50.81 53.64 53.61 50.18 45.12 37.07 32.06 23.56 17.64 14.55 14.07 13.87 13.86 13.95 14.06 14.08 14.12 14.16 14.17 14.13 14.08 13.80 12.94 12.47 11.91 11.60 11.57 11.41
19.83 22.21 23.52 25.73 29.26 31.19 32.92 35.17 36.36 40.68 43.29 44.81 47.96 49.18 51.03 53.39 55.45 57.67 59.62 60.19 60.38 60.28 60.01 58.56 56.53 53.63 51.66 49.66 48.13 44.78 42.59 38.50 36.14 33.88 32.53 30.50 28.22 24.73 23.33 22.09 20.39 19.77 19.73 20.61 23.27 28.44 34.43 43.48 50.72 60.75 65.99 66.00 61.11 52.97 45.98 36.48 30.63 22.91 17.49 16.13 14.96 14.40 14.35 14.31 14.30 14.30 14.33 14.37 14.54 14.61 14.08 13.07 12.41 11.60 11.36 11.00 10.93
18.50 21.04 23.26 24.85 28.41 30.52 32.63 34.40 36.22 37.96 42.33 43.93 46.97 48.61 50.10 51.62 53.55 55.44 57.36 58.88 59.82 60.04 60.01 59.49 57.85 55.74 53.44 50.79 48.82 46.97 43.69 41.36 36.43 34.95 32.70 30.53 28.41 24.78 23.26 21.49 19.92 18.10 17.71 17.90 20.61 25.43 33.73 44.44 56.00 68.65 77.49 77.25 70.43 61.59 51.71 44.38 35.58 29.83 23.19 19.94 17.62 16.74 16.10 15.57 14.79 14.43 14.37 14.37 14.59 15.88 14.09 12.77 11.61 11.05 10.72 10.39 10.36
17.90 20.40 22.68 23.70 27.63 30.30 32.34 33.25 35.41 36.99 41.44 43.57 44.81 47.59 48.85 50.35 51.82 53.61 55.44 57.18 58.48 59.61 60.02 60.05 59.75 57.94 55.39 52.56 50.05 48.08 44.65 42.28 37.09 35.33 32.94 30.81 28.42 24.70 23.07 20.81 18.84 17.59 16.84 16.27 16.97 22.60 32.70 44.69 59.83 72.96 90.03 84.15 76.74 67.45 59.94 49.88 42.57 34.43 29.77 23.66 21.80 19.07 17.55 16.52 15.70 14.67 14.28 14.10 14.06 13.85 12.75 11.55 10.40 10.28 10.26 10.26 10.26
17.59 19.78 22.21 23.53 25.99 29.40 31.20 32.83 34.99 36.22 39.65 42.42 43.84 46.66 48.47 49.22 50.71 52.44 53.62 55.49 57.32 58.81 59.97 60.26 60.48 60.21 57.72 53.62 50.76 48.65 45.50 43.04 38.03 35.52 33.21 30.91 28.41 24.37 22.88 20.64 18.22 17.12 16.15 14.87 14.23 18.13 31.35 43.71 58.22 71.27 83.32 83.45 77.13 69.89 61.63 53.61 47.03 38.01 33.22 29.72 24.36 22.54 19.83 17.58 16.22 14.80 14.11 13.83 12.88 11.61 10.29 9.77 9.75 9.76 9.92 10.10 10.19
16.98 18.23 20.71 23.09 24.63 28.25 30.52 32.53 33.69 35.59 37.07 41.47 43.41 44.77 47.29 48.63 49.87 50.99 52.95 53.64 55.93 57.68 59.53 60.28 60.74 61.12 59.81 55.33 51.65 48.89 47.04 43.66 40.14 35.79 33.22 30.82 28.25 23.86 22.75 20.61 18.23 17.28 16.36 15.69 15.72 20.08 31.42 43.29 53.63 66.64 74.65 76.79 72.92 68.55 61.73 55.34 48.72 43.17 36.22 32.66 29.27 23.75 22.27 18.51 16.88 14.94 14.08 13.05 11.64 10.25 8.35 7.83 8.48 9.32 9.58 9.83 10.14
16.43 17.69 20.02 22.54 23.61 27.46 29.70 31.61 33.12 35.15 36.23 39.25 42.25 43.70 45.39 47.72 48.83 50.13 51.49 53.25 54.60 56.56 58.23 59.99 60.49 60.62 59.50 55.49 52.37 49.66 47.46 43.71 40.63 35.95 33.21 30.52 27.87 23.67 22.64 20.62 18.91 17.72 17.38 17.42 18.59 23.58 32.65 42.51 50.85 61.31 67.61 70.37 69.70 66.35 61.48 55.44 49.57 44.76 39.97 35.00 31.78 28.10 23.51 20.59 17.50 15.43 14.04 12.79 11.26 9.77 8.10 7.54 8.12 8.78 9.41 9.77 10.18
15.92 17.10 18.56 21.17 23.33 24.94 28.42 30.52 32.55 33.83 35.57 37.00 41.01 42.94 44.25 46.79 48.45 48.91 50.37 51.71 53.46 55.27 56.87 58.38 59.64 59.69 57.96 55.43 52.94 50.12 48.21 44.08 40.98 35.84 32.78 30.44 27.46 23.59 22.56 20.66 19.89 18.91 19.02 20.13 22.80 28.12 33.28 42.30 48.88 56.78 61.65 65.34 65.59 62.06 60.61 55.20 50.13 46.81 42.33 36.23 33.22 30.49 25.33 22.54 18.04 15.86 14.08 12.76 11.19 9.97 8.79 8.18 8.28 8.89 9.45 9.93 10.26
15.02 16.56 17.74 20.12 22.60 23.63 27.48 29.72 31.66 33.07 35.05 36.22 37.57 41.95 43.65 44.78 47.24 48.57 49.36 50.66 51.98 53.57 55.31 56.65 57.56 57.72 57.01 55.32 53.17 50.51 48.56 44.73 41.25 35.53 32.58 29.63 24.98 23.32 22.22 20.66 20.26 20.34 20.96 22.79 24.94 30.52 35.13 42.12 48.34 52.85 58.74 60.97 61.45 60.79 58.93 53.63 50.25 47.55 43.67 38.17 35.25 32.52 28.43 23.51 19.95 16.42 14.11 12.96 11.54 10.22 9.43 8.87 8.83 9.33 9.73 10.17 10.37
14.37 15.98 17.13 18.78 21.29 23.35 24.97 28.42 30.52 32.53 33.31 35.39 36.63 40.34 42.44 43.71 45.25 47.51 48.68 49.76 50.79 52.21 53.55 54.86 55.63 56.21 55.84 55.12 53.40 51.06 48.84 45.13 41.47 35.31 31.64 27.73 23.58 22.54 20.92 20.60 20.64 21.49 22.75 23.69 28.41 32.44 35.51 42.03 47.13 50.30 53.64 57.70 59.53 58.92 56.51 53.43 50.39 48.47 44.62 41.92 36.23 33.26 30.52 25.25 21.70 17.22 14.36 13.15 11.61 10.33 9.77 9.39 9.35 9.53 9.98 10.28 10.98
14.11 14.99 16.55 17.74 20.09 22.58 23.62 27.47 29.68 31.37 32.76 34.50 36.21 37.10 41.32 42.97 44.08 46.21 47.87 48.78 49.98 50.81 51.98 53.37 53.63 54.81 55.24 54.42 53.61 51.92 49.96 47.02 41.74 34.42 30.11 23.72 22.43 20.57 20.03 20.14 20.71 22.54 23.52 26.48 30.36 32.82 36.22 42.01 45.68 48.89 51.71 53.87 55.88 56.00 54.84 53.04 50.53 48.68 46.18 43.37 38.72 35.36 32.58 28.44 23.34 18.17 15.25 13.81 12.36 10.65 10.10 9.68 9.59 9.77 10.24 10.77 11.60
14.02 14.36 15.88 17.09 18.47 21.08 23.27 24.78 28.25 30.49 32.51 33.23 35.28 36.23 38.07 41.94 43.51 44.56 46.78 48.22 48.82 49.94 50.71 51.68 52.96 53.47 53.62 53.63 53.62 53.32 51.21 48.48 41.90 32.98 26.02 21.83 19.02 18.03 18.21 19.80 20.82 22.82 23.76 28.24 31.04 33.27 36.23 42.08 44.82 48.61 50.47 52.81 53.62 53.80 53.61 52.72 50.72 48.88 47.47 44.33 42.10 36.85 34.41 30.98 25.05 20.56 16.21 14.03 12.57 10.95 10.18 9.76 9.76 10.12 10.36 11.47 12.42
13.80 14.10 14.85 16.40 17.68 20.00 22.49 23.59 26.60 29.31 30.92 32.67 34.13 35.50 36.66 40.17 42.21 43.67 44.77 46.94 48.28 48.78 49.61 50.40 51.17 51.78 52.89 53.29 53.48 53.57 53.39 50.12 41.80 30.59 22.09 17.25 16.42 16.80 17.56 18.69 20.92 23.27 25.20 29.63 32.40 34.44 36.78 42.26 44.78 48.44 49.95 51.49 53.06 53.48 53.40 52.68 51.06 49.87 48.56 46.65 43.69 41.41 36.23 33.22 28.79 22.74 17.31 14.16 12.77 11.09 10.17 9.76 9.78 10.26 10.99 12.18 13.00
13.09 13.94 14.30 15.69 16.97 18.22 20.69 22.98 24.10 27.82 30.17 31.86 33.02 34.65 36.14 37.07 40.72 42.45 43.68 44.78 46.92 48.00 48.66 49.04 50.09 50.50 50.90 51.52 51.72 52.03 52.40 50.56 37.01 24.88 16.18 14.10 14.24 15.55 16.89 18.24 21.30 23.51 27.47 30.44 32.70 35.29 37.11 42.47 44.78 48.15 49.32 50.83 52.27 53.25 53.35 53.00 51.67 50.49 48.97 48.22 45.24 43.60 40.78 35.76 31.37 23.82 18.82 14.78 13.08 11.32 10.09 9.57 9.91 10.39 11.65 12.92 13.88
12.73 13.63 14.08 14.62 16.19 17.59 19.78 22.14 23.48 25.32 28.43 30.52 32.52 33.23 35.22 36.22 37.17 41.13 42.53 43.69 44.77 46.67 47.52 48.50 48.75 48.89 49.42 49.78 49.72 49.06 48.49 43.66 33.21 20.87 13.45 12.77 13.92 14.60 16.82 18.44 22.26 23.67 28.26 30.97 33.22 35.64 38.55 42.87 44.81 48.19 49.19 50.73 51.99 53.26 53.48 53.40 52.90 51.56 50.22 48.86 47.59 44.78 42.59 36.88 32.99 28.11 21.80 16.41 13.86 11.60 9.91 9.33 10.17 11.56 12.90 14.01 14.52
12.41 13.01 13.86 14.19 15.55 16.85 17.94 20.44 22.65 23.64 27.46 29.64 30.99 32.65 33.59 35.34 36.23 37.44 41.36 42.53 43.68 44.51 45.44 47.11 47.54 48.27 48.46 48.44 47.61 46.40 43.65 36.39 30.52 20.07 14.14 13.80 14.08 15.42 17.13 19.97 22.85 25.11 29.66 32.38 34.36 36.22 40.62 43.56 45.38 48.45 49.38 50.81 52.39 53.46 53.63 53.63 53.61 53.13 51.62 50.19 48.81 47.25 43.71 40.27 35.11 30.52 23.64 18.30 14.59 12.91 10.35 9.56 11.37 13.04 14.12 15.84 17.21
11.61 12.63 13.32 14.05 14.39 16.09 17.22 18.86 21.19 23.24 24.56 27.96 30.17 31.68 32.74 34.38 35.47 36.33 37.55 41.29 42.44 43.63 43.86 44.77 45.20 45.98 46.12 45.27 44.47 43.26 38.99 34.43 29.61 22.02 16.84 15.16 15.65 16.85 18.21 21.61 23.60 27.75 30.52 32.73 35.26 36.91 41.91 43.70 46.73 48.57 49.95 51.24 53.06 53.63 55.25 55.41 55.37 54.44 53.51 51.78 50.21 48.65 45.79 42.54 36.37 33.05 28.76 23.19 17.88 14.83 13.82 13.16 14.08 15.96 17.72 20.30 22.38
11.18 12.15 12.88 13.81 14.11 14.91 16.43 17.68 19.97 22.35 23.52 25.39 28.42 30.52 32.29 33.15 34.45 35.58 36.40 37.47 40.94 42.12 42.94 43.66 43.70 43.78 43.72 43.67 42.57 40.62 36.22 33.21 29.65 23.48 20.02 17.75 17.72 18.94 21.03 23.36 25.60 29.67 32.19 33.41 36.10 38.30 42.50 44.43 47.32 48.78 50.19 51.74 53.54 55.28 56.37 57.21 57.42 57.08 55.90 53.84 52.56 50.16 48.49 44.64 41.46 35.74 32.64 29.10 23.68 22.13 19.98 20.02 22.29 23.59 25.75 28.02 28.42
10.39 11.57 12.48 13.08 13.92 14.28 15.67 16.92 18.11 20.60 22.70 23.64 27.30 29.15 30.57 32.52 33.22 34.71 35.62 36.33 37.22 40.35 41.80 42.20 42.52 42.63 42.52 42.05 40.74 37.05 35.36 32.77 30.39 25.44 23.22 22.15 21.68 22.57 23.48 25.24 28.45 31.01 32.92 35.25 36.63 41.20 43.64 45.16 48.18 49.11 50.79 52.98 54.32 56.51 57.94 59.45 59.98 60.00 59.51 57.78 55.47 53.12 50.14 48.00 43.72 40.45 35.80 33.23 32.27 30.90 31.21 32.57 33.29 35.07 35.23 34.91 33.86
10.24 10.94 11.69 12.68 13.52 14.08 14.48 16.14 17.38 19.14 21.23 23.18 24.20 27.61 29.69 30.97 32.55 33.23 34.80 35.57 36.23 37.07 38.43 40.46 41.11 41.38 41.06 40.22 37.14 36.22 35.16 32.88 30.87 28.44 25.57 23.75 23.68 24.62 27.45 28.83 30.68 32.67 34.42 36.22 38.38 42.40 44.00 47.02 48.62 50.10 51.65 53.61 55.77 57.96 60.03 60.66 60.87 61.11 61.07 60.75 60.09 57.18 53.44 50.12 47.46 43.69 41.00 36.94 36.23 36.88 41.34 44.01 47.36 47.36 45.01 43.66 41.83
9.78 10.31 11.31 12.37 12.96 13.83 14.12 15.04 16.51 17.69 19.96 22.26 23.46 24.98 28.13 30.09 31.29 32.62 33.24 34.71 35.45 36.22 36.62 37.09 37.42 37.71 37.47 37.09 36.45 35.97 34.92 33.21 32.30 30.52 29.46 28.39 28.29 28.45 30.11 31.11 32.65 34.01 35.60 37.07 41.66 43.65 44.95 47.77 48.88 50.68 52.96 55.10 57.45 59.98 60.74 61.45 61.69 61.97 62.25 62.08 61.71 61.00 58.69 53.48 49.55 47.01 43.69 42.51 42.73 44.44 48.66 53.91 61.37 59.54 53.62 50.17 47.77
9.39 10.12 10.47 11.58 12.54 13.11 13.96 14.31 15.68 16.92 18.06 20.46 22.60 23.60 25.58 28.42 30.40 31.54 32.65 33.23 34.47 35.34 36.07 36.22 36.46 36.69 36.66 36.34 36.22 35.51 34.94 33.26 32.70 32.19 31.02 30.52 30.52 31.10 32.35 32.74 34.23 35.45 36.67 40.51 42.62 44.21 47.04 48.60 50.08 51.61 53.61 56.32 59.29 60.69 61.52 61.89 64.63 65.66 66.20 66.46 66.32 65.27 61.67 58.83 51.89 48.58 44.90 43.84 44.79 48.52 53.02 61.21 66.96 66.07 61.68 59.31 53.05
8.69 9.66 10.25 10.95 11.75 12.71 13.57 14.08 14.49 16.13 17.28 18.65 20.79 22.89 23.67 26.99 28.45 30.49 31.71 32.66 33.23 34.40 35.24 35.50 36.10 36.22 36.22 36.22 35.91 35.37 35.12 34.31 33.23 32.74 32.63 32.55 32.61 32.74 33.24 34.50 35.54 36.51 39.97 42.23 43.69 45.37 47.96 48.88 50.64 52.92 55.24 57.71 60.23 61.23 61.79 64.64 66.09 66.99 67.92 69.50 70.06 69.77 67.03 61.63 54.75 48.85 44.93 43.79 45.28 48.87 54.64 61.63 67.07 68.88 67.64 64.90 60.54
8.06 9.22 9.80 10.32 11.34 12.38 12.97 13.83 14.12 14.96 16.41 17.64 19.77 21.70 23.28 24.06 27.49 29.04 30.52 31.81 32.65 33.22 34.17 34.95 35.32 35.45 35.59 35.60 35.50 35.35 35.22 34.67 34.37 33.38 33.26 33.26 33.60 34.43 35.28 36.05 36.64 39.34 41.96 43.62 44.77 47.25 48.63 50.08 51.58 53.61 56.26 59.41 60.75 61.63 64.09 65.90 67.03 68.67 70.37 71.01 72.55 72.98 72.40 66.38 56.98 48.63 43.66 42.35 43.89 48.70 53.78 61.59 67.20 70.69 71.70 70.50 65.67
7.52 8.29 9.39 10.12 10.47 11.58 12.54 13.10 13.94 14.28 15.64 16.87 17.84 20.07 22.36 23.45 24.75 27.64 29.62 30.52 31.85 32.62 33.21 33.51 34.44 35.15 35.31 35.34 35.35 35.34 35.31 35.22 35.12 34.97 34.99 35.17 35.32 35.62 36.22 36.97 39.75 41.92 43.25 44.22 46.65 48.42 48.95 50.63 52.79 54.75 57.52 60.17 61.23 61.88 64.92 66.54 67.73 70.13 70.97 72.70 75.50 76.86 77.66 68.57 57.41 47.23 37.41 36.23 42.11 47.83 53.38 61.10 66.82 71.21 76.57 76.58 69.53
6.83 7.65 8.66 9.64 10.25 10.95 11.71 12.68 13.50 14.07 14.40 16.04 17.08 18.22 20.60 22.60 23.57 25.09 27.95 29.66 30.52 31.89 32.60 33.10 33.27 34.39 34.84 35.20 35.31 35.33 35.34 35.35 35.36 35.39 35.53 35.93 36.22 36.46 37.11 40.14 41.91 42.97 43.77 45.30 47.50 48.71 50.09 51.49 53.48 55.70 58.79 60.67 61.59 63.08 65.80 67.00 68.88 70.52 71.46 72.92 75.68 76.36 74.05 67.60 57.31 45.21 33.25 32.74 40.37 47.35 52.74 60.65 66.17 70.85 76.21 76.62 70.42
6.56 7.23 8.02 9.15 9.77 10.31 11.28 12.30 12.92 13.82 14.10 14.79 16.23 17.55 19.13 20.86 22.82 23.62 25.52 28.19 29.71 30.53 31.97 32.60 33.05 33.26 34.37 34.73 35.19 35.32 35.37 35.52 35.76 36.21 36.22 36.30 36.93 37.42 40.41 41.92 42.78 43.70 44.80 47.15 48.50 49.07 50.58 52.33 53.68 56.90 59.81 60.82 61.67 64.63 66.11 67.50 69.35 70.62 71.52 72.81 74.13 73.61 71.15 66.80 60.12 48.86 37.26 36.23 43.65 48.55 52.85 59.98 64.62 68.42 71.03 71.20 69.14
